cellLine	TP	TN	FP	FN	accuracy	sensitivity	specificity	F1	MCC
ACH-000545	93	2307	146	188	0.877834674469642	0.330960854092527	0.940481043620057	0.357692307692308	0.291839848704764
ACH-000836	106	2298	142	188	0.879297732260424	0.360544217687075	0.941803278688525	0.391143911439114	0.326135858960371
ACH-000470	82	2306	168	178	0.873445501097293	0.315384615384615	0.932093775262732	0.32156862745098	0.251870906184574
ACH-000762	78	2268	212	176	0.858083394294075	0.307086614173228	0.914516129032258	0.286764705882353	0.208914330357361
ACH-000495	74	2295	172	193	0.866495976591075	0.277153558052434	0.930279691933522	0.288499025341131	0.215191858144927
ACH-000834	91	2287	159	197	0.869787856620337	0.315972222222222	0.934995911692559	0.338289962825279	0.267298949284833
ACH-001020	85	2287	166	196	0.867593269934162	0.302491103202847	0.932327761924174	0.319548872180451	0.246950379743048
ACH-001450	118	2253	143	220	0.867227505486467	0.349112426035503	0.940317195325543	0.393989983305509	0.32419956038091
ACH-000652	103	2302	136	193	0.87966349670812	0.347972972972973	0.944216570959803	0.385046728971963	0.321434990651837
ACH-001033	85	2270	161	218	0.861375274323336	0.280528052805281	0.933772110242698	0.309653916211293	0.235095087117284
ACH-001196	99	2294	153	188	0.875274323335772	0.344947735191638	0.937474458520637	0.36734693877551	0.299264771550706
ACH-001184	101	2287	151	195	0.873445501097293	0.341216216216216	0.938063986874487	0.368613138686131	0.299986491567789
ACH-001239	94	2294	160	186	0.873445501097293	0.335714285714286	0.93480032599837	0.352059925093633	0.282529840580354
ACH-001563	85	2295	164	190	0.870519385515728	0.309090909090909	0.93330622204148	0.324427480916031	0.253402104095193
ACH-001028	98	2311	140	185	0.881126554498903	0.346289752650177	0.942880456956344	0.376199616122841	0.3124695155958
ACH-000608	91	2314	156	173	0.87966349670812	0.34469696969697	0.936842105263158	0.356164383561644	0.290069956708953
ACH-001050	80	2282	176	196	0.863935625457206	0.289855072463768	0.92839707078926	0.300751879699248	0.225700937923009
ACH-001431	93	2306	157	178	0.877468910021946	0.343173431734317	0.936256597645148	0.35700575815739	0.289697086620097
ACH-001054	93	2286	166	189	0.870153621068032	0.329787234042553	0.932300163132137	0.343807763401109	0.272203334625
ACH-001735	104	2302	150	178	0.880029261155816	0.368794326241135	0.938825448613377	0.388059701492537	0.322297055872402
ACH-001163	112	2268	145	209	0.870519385515728	0.348909657320872	0.939908827186075	0.387543252595156	0.318585933867294
ACH-000958	91	2311	154	178	0.878566203365033	0.338289962825279	0.937525354969574	0.35408560311284	0.287612325090575
ACH-000820	88	2257	152	237	0.857717629846379	0.270769230769231	0.936903279369033	0.311504424778761	0.237511830796091
ACH-001300	88	2308	159	179	0.876371616678859	0.329588014981273	0.935549250101338	0.342412451361868	0.274551997865939
ACH-000318	100	2294	152	188	0.875640087783467	0.347222222222222	0.937857726901063	0.37037037037037	0.302545002718291
ACH-000899	94	2290	148	202	0.871982443306511	0.317567567567568	0.93929450369155	0.349442379182156	0.280983607763155
ACH-001232	76	2325	173	160	0.878200438917337	0.322033898305085	0.930744595676541	0.31340206185567	0.24673426757918
ACH-001430	87	2297	153	197	0.871982443306511	0.306338028169014	0.937551020408163	0.33206106870229	0.262954535651794
ACH-000437	77	2309	178	170	0.872713972201902	0.311740890688259	0.92842782468838	0.306772908366534	0.236752433010682
ACH-001134	96	2301	154	183	0.876737381126555	0.344086021505376	0.937270875763747	0.362948960302457	0.295487841668295
ACH-001555	81	2289	168	196	0.866861741038771	0.292418772563177	0.931623931623932	0.307984790874525	0.234968908053082
ACH-001031	91	2287	162	194	0.869787856620337	0.319298245614035	0.933850551245406	0.338289962825279	0.26694331383532
ACH-001414	74	2290	175	195	0.864667154352597	0.275092936802974	0.929006085192698	0.285714285714286	0.211282075956014
ACH-000502	103	2296	151	184	0.877468910021946	0.358885017421603	0.938291785860237	0.380776340110906	0.313783527546007
ACH-000677	105	2281	154	194	0.872713972201902	0.351170568561873	0.936755646817248	0.376344086021505	0.306851889581716
ACH-001736	118	2279	133	204	0.876737381126555	0.366459627329193	0.94485903814262	0.411867364746946	0.347533382375566
ACH-001407	98	2290	152	194	0.873445501097293	0.335616438356164	0.937755937755938	0.361623616236162	0.292936226648234
ACH-001328	85	2280	160	209	0.865032918800293	0.289115646258503	0.934426229508197	0.315398886827458	0.242455465592097
ACH-001391	84	2312	165	173	0.876371616678859	0.326848249027237	0.933387161889382	0.33201581027668	0.263956941023783
ACH-001433	103	2288	138	205	0.87454279444038	0.334415584415584	0.943116240725474	0.375227686703097	0.309502304982187
ACH-000469	90	2295	149	200	0.872348207754206	0.310344827586207	0.939034369885434	0.340264650283554	0.27187895831225
ACH-001061	116	2299	141	178	0.883321141185077	0.394557823129252	0.942213114754098	0.421052631578947	0.357498002719845
ACH-001301	77	2310	177	170	0.873079736649598	0.311740890688259	0.928829915560917	0.307385229540918	0.23756726300265
ACH-001278	99	2271	150	214	0.866861741038771	0.31629392971246	0.938042131350681	0.352313167259786	0.281458672145416
ACH-001322	91	2310	151	182	0.878200438917337	0.333333333333333	0.938642828118651	0.353398058252427	0.287068981486433
ACH-001650	85	2300	170	179	0.872348207754206	0.321969696969697	0.931174089068826	0.327552986512524	0.25710431033586
ACH-001302	84	2300	160	190	0.871982443306511	0.306569343065693	0.934959349593496	0.324324324324324	0.254399924960541
ACH-001645	76	2308	187	163	0.871982443306511	0.317991631799163	0.925050100200401	0.302788844621514	0.232809570683253
ACH-001568	98	2305	144	187	0.878931967812729	0.343859649122807	0.941200489995917	0.371916508538899	0.306670226064072
ACH-001750	90	2321	159	164	0.881858083394294	0.354330708661417	0.935887096774194	0.357852882703777	0.292822121234754
ACH-001277	90	2295	160	189	0.872348207754206	0.32258064516129	0.934826883910387	0.340264650283554	0.270335633968145
ACH-000484	80	2306	157	191	0.872713972201902	0.29520295202952	0.936256597645148	0.31496062992126	0.245815073776711
ACH-001275	88	2283	161	202	0.867227505486467	0.303448275862069	0.934124386252046	0.326530612244898	0.254263015806625
ACH-000516	77	2308	184	165	0.872348207754206	0.318181818181818	0.926163723916533	0.306163021868787	0.236185814602913
ACH-001183	69	2307	186	172	0.869056327724945	0.286307053941909	0.925391095066185	0.278225806451613	0.206385113098655
ACH-001303	84	2304	153	193	0.873445501097293	0.303249097472924	0.937728937728938	0.326848249027237	0.258426161955878
ACH-000206	98	2285	160	191	0.871616678858815	0.339100346020761	0.934560327198364	0.358318098720293	0.287816422681833
ACH-001067	88	2283	172	191	0.867227505486467	0.315412186379928	0.929938900203666	0.326530612244898	0.253179952419074
ACH-001458	104	2267	141	222	0.867227505486467	0.319018404907975	0.941445182724252	0.364273204903678	0.295521150653995
ACH-001336	79	2310	167	178	0.873811265544989	0.307392996108949	0.932579733548648	0.314115308151093	0.244736483160023
ACH-001283	86	2302	163	183	0.873445501097293	0.319702602230483	0.933874239350913	0.332046332046332	0.2625012162225
ACH-001280	93	2273	154	214	0.865398683247988	0.302931596091205	0.936547177585497	0.335740072202166	0.263745301841876
ACH-000917	101	2295	142	196	0.876371616678859	0.34006734006734	0.941731637258925	0.374074074074074	0.308145195943792
ACH-001715	93	2298	160	183	0.87454279444038	0.33695652173913	0.934906427990236	0.351606805293006	0.282632345276118
ACH-001554	95	2305	142	192	0.877834674469642	0.331010452961672	0.941969758888435	0.362595419847328	0.297375821875126
ACH-001521	82	2297	162	193	0.870153621068032	0.298181818181818	0.934119560797072	0.315992292870906	0.245077144997633
ACH-000649	82	2297	167	188	0.870153621068032	0.303703703703704	0.932224025974026	0.315992292870906	0.244634865083748
ACH-001536	83	2306	153	192	0.873811265544989	0.301818181818182	0.937779585197235	0.324853228962818	0.256611525824277
ACH-001289	91	2301	156	186	0.874908558888076	0.328519855595668	0.936507936507937	0.347328244274809	0.278963582740031
ACH-001295	75	2321	181	157	0.876371616678859	0.323275862068966	0.927657873701039	0.307377049180328	0.240035824601014
ACH-001380	108	2278	134	214	0.872713972201902	0.335403726708075	0.944444444444444	0.382978723404255	0.317583081742262
ACH-001368	106	2299	139	190	0.87966349670812	0.358108108108108	0.94298605414274	0.391866913123845	0.327543926550213
ACH-000765	112	2277	159	186	0.873811265544989	0.375838926174497	0.934729064039409	0.393673110720562	0.323881852225054
ACH-001038	104	2294	145	191	0.87710314557425	0.352542372881356	0.940549405494055	0.382352941176471	0.316051367743045
ACH-001353	75	2306	164	189	0.870885149963424	0.284090909090909	0.933603238866397	0.298210735586481	0.227647543942691
ACH-001524	66	2319	188	161	0.872348207754206	0.290748898678414	0.925009972078181	0.274428274428274	0.205076575774869
ACH-001375	75	2313	183	163	0.873445501097293	0.315126050420168	0.926682692307692	0.30241935483871	0.233183380923617
ACH-001228	87	2312	166	169	0.877468910021946	0.33984375	0.933010492332526	0.341846758349705	0.274301196201603
ACH-001197	101	2300	138	195	0.878200438917337	0.341216216216216	0.943396226415094	0.377570093457944	0.31309949221742
ACH-000778	91	2289	162	192	0.870519385515728	0.321554770318021	0.93390452876377	0.33955223880597	0.268542450060833
ACH-000910	118	2284	131	201	0.878566203365033	0.369905956112853	0.945755693581781	0.415492957746479	0.352219065809525
ACH-001329	65	2329	197	143	0.875640087783467	0.3125	0.922011084718923	0.276595744680851	0.211220874912578
ACH-001001	103	2287	149	195	0.874177029992685	0.345637583892617	0.938834154351396	0.374545454545455	0.306467722943771
ACH-000452	84	2323	162	165	0.880395025603511	0.337349397590361	0.934808853118712	0.339393939393939	0.273647593588079
ACH-000097	104	2288	149	193	0.874908558888076	0.35016835016835	0.93885925318014	0.378181818181818	0.310364234222705
ACH-000688	97	2289	147	201	0.872713972201902	0.325503355704698	0.939655172413793	0.357933579335793	0.289839643538824
ACH-001390	92	2248	158	236	0.855888807607901	0.280487804878049	0.934330839567747	0.318339100346021	0.242164737967746
ACH-001654	85	2324	162	163	0.881126554498903	0.342741935483871	0.934835076427997	0.343434343434343	0.278082417057686
ACH-001377	83	2326	152	173	0.881126554498903	0.32421875	0.938660209846651	0.338085539714868	0.273218059299411
ACH-000160	103	2290	153	188	0.875274323335772	0.353951890034364	0.937372083503889	0.376599634369287	0.308399609325104
ACH-000976	100	2297	136	201	0.876737381126555	0.332225913621262	0.944101931771475	0.37243947858473	0.307982992509273
ACH-000332	72	2327	174	161	0.877468910021946	0.309012875536481	0.930427828868453	0.30062630480167	0.23363615281705
ACH-001274	109	2265	160	200	0.868324798829554	0.352750809061489	0.934020618556701	0.377162629757785	0.304850132226239
ACH-000935	96	2273	157	208	0.866495976591075	0.315789473684211	0.935390946502058	0.344703770197487	0.272490940886793
ACH-001413	81	2300	179	174	0.870885149963424	0.317647058823529	0.927793465106898	0.314563106796116	0.243314561857507
ACH-000428	NaN	NaN	NaN	NaN	NaN	NaN	NaN	NaN	NaN
ACH-000485	93	2308	153	180	0.878200438917337	0.340659340659341	0.937830150345388	0.358381502890173	0.291778441499241
ACH-001374	85	2261	153	235	0.858083394294075	0.265625	0.936619718309859	0.304659498207885	0.230626942628809
ACH-001193	87	2288	152	207	0.868690563277249	0.295918367346939	0.937704918032787	0.326454033771107	0.256242097077686
ACH-000948	107	2288	138	201	0.876005852231163	0.347402597402597	0.943116240725474	0.386980108499096	0.321587799989366
ACH-001212	79	2290	164	201	0.866495976591075	0.282142857142857	0.933170334148329	0.302103250478011	0.229401858621804
ACH-001647	105	2290	147	192	0.876005852231163	0.353535353535354	0.939679934345507	0.382513661202186	0.315421607272776
ACH-000362	105	2277	154	198	0.871250914411119	0.346534653465347	0.936651583710407	0.373665480427046	0.303562732089114
ACH-001566	89	2320	153	172	0.881126554498903	0.340996168582375	0.938131823695916	0.353876739562624	0.288771282486761
ACH-000915	108	2279	154	193	0.873079736649598	0.358803986710963	0.936703658035347	0.383658969804618	0.314230360675008
ACH-001765	97	2312	142	183	0.881126554498903	0.346428571428571	0.942135289323553	0.373795761078998	0.309759053979824
ACH-000796	98	2297	148	191	0.876005852231163	0.339100346020761	0.939468302658487	0.366355140186916	0.299314563875965
ACH-001333	90	2306	156	182	0.876371616678859	0.330882352941176	0.93663688058489	0.347490347490348	0.279827727924381
ACH-001409	91	2241	154	248	0.852962692026335	0.268436578171091	0.935699373695198	0.311643835616438	0.235546478460902
ACH-001412	89	2319	148	178	0.880760790051207	0.333333333333333	0.940008107012566	0.353174603174603	0.2883780758864
ACH-000714	92	2308	155	179	0.877834674469642	0.339483394833948	0.937068615509541	0.355212355212355	0.288275213153116
ACH-000421	86	2306	184	158	0.874908558888076	0.352459016393443	0.926104417670683	0.334630350194553	0.266205154599871
ACH-000739	87	2298	150	199	0.872348207754206	0.304195804195804	0.938725490196078	0.332695984703633	0.264223149931602
ACH-001332	98	2252	158	226	0.859546452084857	0.302469135802469	0.934439834024896	0.337931034482759	0.262840265355883
ACH-001048	100	2295	156	183	0.876005852231163	0.353356890459364	0.936352509179927	0.371057513914657	0.30294014284098
ACH-000459	118	2243	148	225	0.86356986100951	0.34402332361516	0.93810121288164	0.38752052545156	0.315329288345608
ACH-000244	82	2283	160	209	0.865032918800293	0.281786941580756	0.934506753990995	0.307692307692308	0.234839089018551
ACH-000858	100	2289	161	184	0.873811265544989	0.352112676056338	0.934285714285714	0.36697247706422	0.297358579275469
ACH-000542	90	2305	161	178	0.876005852231163	0.335820895522388	0.934712084347121	0.346820809248555	0.278585769807007
ACH-001529	102	2288	136	208	0.874177029992685	0.329032258064516	0.943894389438944	0.372262773722628	0.306960381684369
ACH-000272	101	2301	148	184	0.878566203365033	0.354385964912281	0.939567170273581	0.378277153558052	0.312199389191953
ACH-000684	94	2263	165	212	0.862106803218727	0.30718954248366	0.932042833607908	0.332743362831858	0.257553540608945
ACH-000365	116	2255	144	219	0.867227505486467	0.346268656716418	0.939974989578991	0.389915966386555	0.319953497084489
ACH-001500	101	2287	138	208	0.873445501097293	0.326860841423948	0.943092783505155	0.368613138686131	0.302614719864776
ACH-000809	98	2289	158	189	0.873079736649598	0.341463414634146	0.935431140171639	0.360957642725599	0.291341072537995
ACH-000896	103	2290	156	185	0.875274323335772	0.357638888888889	0.936222403924775	0.376599634369287	0.308055786847
ACH-000793	110	2282	134	208	0.874908558888076	0.345911949685535	0.94453642384106	0.391459074733096	0.326615196263886
ACH-000334	107	2265	155	207	0.867593269934162	0.340764331210191	0.935950413223141	0.371527777777778	0.299729803387
ACH-000769	100	2276	146	212	0.869056327724945	0.320512820512821	0.939719240297275	0.3584229390681	0.289156144784929
ACH-000855	106	2270	161	197	0.869056327724945	0.34983498349835	0.933772110242698	0.371929824561403	0.29990981415698
ACH-001550	102	2279	164	189	0.870885149963424	0.350515463917526	0.93286942284077	0.366247755834829	0.294897789443557
ACH-001454	97	2292	161	184	0.873811265544989	0.345195729537367	0.934366082348145	0.359925788497217	0.290398659596491
ACH-000905	95	2297	162	180	0.874908558888076	0.345454545454545	0.934119560797072	0.357142857142857	0.288146262996725
ACH-000760	93	2327	157	157	0.885149963423555	0.372	0.936795491143317	0.372	0.308795491143317
ACH-000943	117	2271	125	221	0.873445501097293	0.346153846153846	0.947829716193656	0.403448275862069	0.340677226687786
ACH-000681	87	2304	162	181	0.87454279444038	0.324626865671642	0.934306569343066	0.336557059961315	0.267601901938427
ACH-000335	93	2281	162	198	0.868324798829554	0.319587628865979	0.933688088415882	0.340659340659341	0.268592219708712
ACH-001532	88	2287	148	211	0.868690563277249	0.294314381270903	0.939219712525667	0.328971962616822	0.259527361155125
ACH-001496	115	2300	141	178	0.883321141185077	0.392491467576792	0.942236788201557	0.418943533697632	0.355418017997171
ACH-001415	102	2273	147	212	0.868690563277249	0.32484076433121	0.939256198347107	0.36234458259325	0.292666519938755
ACH-001205	83	2306	156	189	0.873811265544989	0.305147058823529	0.93663688058489	0.324853228962818	0.256225117029374
ACH-000336	100	2270	154	210	0.866861741038771	0.32258064516129	0.936468646864686	0.354609929078014	0.2829351245639
ACH-000552	93	2296	150	195	0.873811265544989	0.322916666666667	0.938675388389207	0.350282485875706	0.282201306027946
ACH-000601	105	2296	141	192	0.878200438917337	0.353535353535354	0.942141977841609	0.386740331491713	0.321537238504307
ACH-000406	119	2257	143	215	0.869056327724945	0.356287425149701	0.940416666666667	0.399328859060403	0.330086308699647
ACH-001523	98	2287	162	187	0.872348207754206	0.343859649122807	0.933850551245406	0.359633027522936	0.28928248049152
ACH-000576	88	2294	155	197	0.871250914411119	0.308771929824561	0.936708860759494	0.333333333333333	0.263599350163648
ACH-000411	93	2307	146	188	0.877834674469642	0.330960854092527	0.940481043620057	0.357692307692308	0.291839848704764
ACH-000711	102	2316	144	172	0.884418434528164	0.372262773722628	0.941463414634146	0.392307692307692	0.329231110159136
ACH-000633	103	2288	132	211	0.87454279444038	0.328025477707006	0.945454545454545	0.375227686703097	0.311086421986479
ACH-000721	99	2296	139	200	0.876005852231163	0.331103678929766	0.942915811088296	0.368715083798883	0.30335821598081
ACH-000878	94	2316	150	174	0.881492318946598	0.350746268656716	0.939172749391727	0.3671875	0.302375118436107
ACH-000528	97	2291	156	190	0.873445501097293	0.337979094076655	0.936248467511238	0.359259259259259	0.290065042360833
ACH-001522	89	2307	160	178	0.876371616678859	0.333333333333333	0.935143899473044	0.344961240310078	0.27700320771077
ACH-000361	93	2298	158	185	0.87454279444038	0.334532374100719	0.935667752442997	0.351606805293006	0.282811396785692
ACH-000773	84	2300	160	190	0.871982443306511	0.306569343065693	0.934959349593496	0.324324324324324	0.254399924960541
ACH-000450	101	2277	135	221	0.869787856620337	0.313664596273292	0.944029850746269	0.362007168458781	0.295780425418201
ACH-000604	95	2279	144	216	0.868324798829554	0.305466237942122	0.940569541890219	0.345454545454545	0.276580110142969
ACH-000367	NaN	NaN	NaN	NaN	NaN	NaN	NaN	NaN	NaN
ACH-000827	78	2326	173	157	0.879297732260424	0.331914893617021	0.930772308923569	0.320987654320988	0.254994465388589
ACH-001838	83	2302	173	176	0.872348207754206	0.32046332046332	0.93010101010101	0.322330097087379	0.251875599088211
ACH-000630	92	2288	151	203	0.870519385515728	0.311864406779661	0.938089380893809	0.342007434944238	0.272512626673385
ACH-000148	90	2314	158	172	0.879297732260424	0.343511450381679	0.936084142394822	0.352941176470588	0.286568729143887
ACH-001192	87	2324	156	167	0.881858083394294	0.34251968503937	0.937096774193548	0.35010060362173	0.285243285505915
ACH-000005	107	2281	141	205	0.873445501097293	0.342948717948718	0.941783649876135	0.382142857142857	0.315228012334696
ACH-001354	89	2307	150	188	0.876371616678859	0.32129963898917	0.938949938949939	0.344961240310078	0.278034232621998
ACH-001745	98	2302	149	185	0.877834674469642	0.346289752650177	0.939208486332109	0.369811320754717	0.30337650086419
ACH-000658	110	2273	138	213	0.871616678858815	0.340557275541796	0.942762339278308	0.385288966725044	0.318419830243433
ACH-001737	96	2233	157	248	0.851865398683248	0.27906976744186	0.934309623430962	0.321608040201005	0.244206376722365
ACH-000307	105	2309	142	178	0.882955376737381	0.371024734982332	0.942064463484292	0.39622641509434	0.332695241230793
ACH-000764	94	2282	141	217	0.869056327724945	0.302250803858521	0.941807676434173	0.344322344322344	0.2764609175388
ACH-000938	119	2256	134	225	0.868690563277249	0.34593023255814	0.943933054393305	0.398659966499162	0.331739924655785
ACH-000646	102	2238	142	252	0.855888807607901	0.288135593220339	0.940336134453782	0.341137123745819	0.269046897649669
ACH-000511	81	2321	163	169	0.878566203365033	0.324	0.934380032206119	0.327935222672065	0.261222247314305
ACH-001346	77	2303	183	171	0.870519385515728	0.310483870967742	0.926387771520515	0.303149606299213	0.23190117676018
ACH-000753	115	2281	127	211	0.876371616678859	0.352760736196319	0.947259136212625	0.404929577464789	0.342298787970916
ACH-000653	101	2294	153	186	0.876005852231163	0.35191637630662	0.937474458520637	0.373382624768946	0.305562466480471
ACH-001814	100	2259	156	219	0.862838332114119	0.313479623824451	0.935403726708074	0.347826086956522	0.274270513813353
ACH-000045	109	2257	156	212	0.865398683247988	0.339563862928349	0.935350186489847	0.372013651877133	0.299119433851974
ACH-000263	96	2255	152	231	0.859912216532553	0.293577981651376	0.936850851682592	0.333913043478261	0.260358847177585
ACH-000983	118	2298	129	189	0.883686905632773	0.384364820846906	0.946847960444994	0.425992779783394	0.364774771619844
ACH-000914	112	2263	141	218	0.868690563277249	0.339393939393939	0.94134775374376	0.384219554030875	0.31561488245177
ACH-000768	114	2278	135	207	0.874908558888076	0.355140186915888	0.944053046000829	0.4	0.334749605295205
ACH-000547	94	2261	163	216	0.861375274323336	0.303225806451613	0.932755775577558	0.331569664902998	0.256386821334152
ACH-000311	95	2305	140	194	0.877834674469642	0.328719723183391	0.942740286298569	0.362595419847328	0.297767403425916
ACH-000738	97	2306	152	179	0.878931967812729	0.351449275362319	0.938161106590724	0.36952380952381	0.303247156060251
ACH-001211	89	2294	153	198	0.871616678858815	0.310104529616725	0.937474458520637	0.33648393194707	0.267171429828624
ACH-000120	78	2329	162	165	0.880395025603511	0.320987654320988	0.934965877157768	0.322981366459627	0.257393325624864
ACH-000887	91	2314	157	172	0.87966349670812	0.346007604562738	0.936462970457305	0.356164383561644	0.290008721279475
ACH-000433	83	2291	162	198	0.868324798829554	0.295373665480427	0.933958418263351	0.315589353612167	0.243821085650388
ACH-000881	90	2305	145	194	0.876005852231163	0.316901408450704	0.940816326530612	0.346820809248555	0.280523635630998
ACH-000833	102	2301	138	193	0.878931967812729	0.345762711864407	0.943419434194342	0.381308411214953	0.317054950806081
ACH-000953	105	2297	138	194	0.878566203365033	0.351170568561873	0.943326488706365	0.387453874538745	0.322980301694182
ACH-000053	100	2306	148	180	0.880029261155816	0.357142857142857	0.939690301548492	0.378787878787879	0.313366311590146
ACH-000153	87	2257	157	233	0.857351865398683	0.271875	0.934962717481359	0.308510638297872	0.233226970941502
ACH-000481	85	2313	154	182	0.87710314557425	0.318352059925094	0.937576003242805	0.33596837944664	0.268982415922285
ACH-000262	96	2270	161	207	0.865398683247988	0.316831683168317	0.933772110242698	0.342857142857143	0.269570192877467
ACH-000331	82	2292	167	193	0.868324798829554	0.298181818181818	0.932086213908093	0.312977099236641	0.240722336790256
ACH-000832	104	2267	148	215	0.867227505486467	0.326018808777429	0.93871635610766	0.364273204903678	0.293808518132072
ACH-000851	120	2256	122	236	0.869056327724945	0.337078651685393	0.948696383515559	0.40133779264214	0.338589517922047
ACH-000402	99	2251	148	236	0.859546452084857	0.295522388059701	0.938307628178408	0.34020618556701	0.26745542907315
ACH-000255	86	2313	154	181	0.877468910021946	0.322097378277154	0.937576003242805	0.339250493096647	0.272404196294062
ACH-000926	84	2305	159	186	0.873811265544989	0.311111111111111	0.935470779220779	0.327485380116959	0.258507656673557
ACH-001408	78	2318	158	180	0.876371616678859	0.302325581395349	0.936187399030695	0.315789473684211	0.248281850704852
ACH-000763	103	2287	145	199	0.874177029992685	0.341059602649007	0.940378289473684	0.374545454545455	0.307178930238647
ACH-000872	94	2302	151	187	0.876371616678859	0.334519572953737	0.938442723196086	0.357414448669202	0.290207816989228
ACH-000403	94	2289	177	174	0.871616678858815	0.350746268656716	0.928223844282238	0.348794063079777	0.277590602839857
ACH-001740	88	2294	157	195	0.871250914411119	0.31095406360424	0.9359445124439	0.333333333333333	0.263322499061407
ACH-000673	75	2339	164	156	0.882955376737381	0.324675324675325	0.934478625649221	0.319148936170213	0.255187867405974
ACH-000096	78	2288	183	185	0.865398683247988	0.296577946768061	0.92594091460947	0.297709923664122	0.223279455349889
ACH-001369	87	2278	150	219	0.865032918800293	0.284313725490196	0.938220757825371	0.320441988950276	0.249344003243961
ACH-000906	92	2285	163	194	0.869422092172641	0.321678321678322	0.933415032679739	0.340110905730129	0.268459955772119
ACH-000732	92	2275	165	202	0.865764447695684	0.312925170068027	0.932377049180328	0.333938294010889	0.260399706682552
ACH-000315	95	2275	160	204	0.866861741038771	0.317725752508361	0.93429158110883	0.342960288808664	0.270462548327443
ACH-000113	108	2278	150	198	0.872713972201902	0.352941176470588	0.938220757825371	0.382978723404255	0.314003491521997
ACH-000932	114	2295	128	197	0.881126554498903	0.366559485530547	0.947172926124639	0.412296564195298	0.3506990484557
ACH-000496	88	2297	155	194	0.872348207754206	0.312056737588652	0.936786296900489	0.335238095238095	0.265962419521782
ACH-001053	89	2301	151	193	0.874177029992685	0.315602836879433	0.938417618270799	0.340996168582375	0.273023249638475
ACH-000988	87	2332	151	164	0.88478419897586	0.346613545816733	0.939186467982279	0.355828220858896	0.292736379256461
ACH-000222	102	2273	151	208	0.868690563277249	0.329032258064516	0.937706270627063	0.36234458259325	0.291849708081288
ACH-000713	109	2284	132	209	0.875274323335772	0.342767295597484	0.945364238410596	0.389982110912343	0.325824063636546
ACH-000339	112	2286	142	194	0.87710314557425	0.366013071895425	0.941515650741351	0.4	0.333985828959085
ACH-000663	93	2277	155	209	0.866861741038771	0.30794701986755	0.936266447368421	0.338181818181818	0.266549863096306
ACH-000557	94	2295	177	168	0.873811265544989	0.358778625954198	0.928398058252427	0.352720450281426	0.282883231349318
ACH-000018	89	2288	161	196	0.869422092172641	0.312280701754386	0.93425888117599	0.332710280373832	0.261371168488633
ACH-000605	90	2309	150	185	0.877468910021946	0.327272727272727	0.938999593330622	0.349514563106796	0.283020431715644
ACH-001306	79	2330	167	158	0.881126554498903	0.333333333333333	0.933119743692431	0.32712215320911	0.262006124048123
ACH-000251	103	2261	153	217	0.864667154352597	0.321875	0.936619718309859	0.357638888888889	0.285249349151147
ACH-000190	102	2280	148	204	0.871250914411119	0.333333333333333	0.939044481054366	0.366906474820144	0.297927769407679
ACH-000326	117	2304	124	189	0.885515727871251	0.382352941176471	0.948929159802306	0.427787934186472	0.368394693382806
ACH-000880	97	2270	148	219	0.865764447695684	0.306962025316456	0.938792390405294	0.345811051693405	0.275091726549384
ACH-000654	97	2303	149	185	0.877834674469642	0.343971631205674	0.939233278955954	0.367424242424242	0.301018248426241
ACH-000187	112	2288	125	209	0.877834674469642	0.348909657320872	0.948197264815582	0.401433691756272	0.339907309008483
ACH-000829	100	2297	143	194	0.876737381126555	0.340136054421769	0.941393442622951	0.37243947858473	0.306480242256646
ACH-000960	108	2295	144	187	0.878931967812729	0.366101694915254	0.940959409594096	0.394881170018282	0.329337024137263
ACH-000036	81	2299	174	180	0.870519385515728	0.310344827586207	0.929640113222806	0.313953488372093	0.2424978813333
ACH-000591	82	2312	166	174	0.875640087783467	0.3203125	0.933010492332526	0.325396825396825	0.256961962538775
ACH-000294	101	2282	149	202	0.871616678858815	0.333333333333333	0.938708350473056	0.365280289330922	0.296280758522975
ACH-000794	83	2275	162	214	0.862472567666423	0.279461279461279	0.933524825605252	0.306273062730627	0.232039419509059
ACH-000596	87	2280	172	195	0.865764447695684	0.308510638297872	0.929853181076672	0.321626617375231	0.247564084298396
ACH-000232	81	2312	164	177	0.875274323335772	0.313953488372093	0.933764135702746	0.3220675944334	0.253540059898336
ACH-000488	99	2295	149	191	0.875640087783467	0.341379310344828	0.939034369885434	0.368029739776952	0.300657744023146
ACH-000320	103	2277	144	210	0.870519385515728	0.329073482428115	0.940520446096654	0.367857142857143	0.299428615029459
ACH-000993	73	2323	169	169	0.876371616678859	0.301652892561983	0.932182985553772	0.301652892561983	0.233835878115756
ACH-000288	94	2296	154	190	0.874177029992685	0.330985915492958	0.937142857142857	0.353383458646617	0.284845412762878
ACH-000804	104	2274	142	214	0.869787856620337	0.327044025157233	0.941225165562914	0.368794326241135	0.300566159780989
ACH-000463	78	2338	164	154	0.883686905632773	0.336206896551724	0.93445243804956	0.329113924050633	0.265539389806234
ACH-000295	100	2272	152	210	0.867593269934162	0.32258064516129	0.937293729372937	0.355871886120996	0.284845558981108
ACH-000606	94	2292	160	188	0.872713972201902	0.333333333333333	0.934747145187602	0.350746268656716	0.280871244395864
ACH-000592	80	2323	164	167	0.878931967812729	0.323886639676113	0.9340570969039	0.325865580448065	0.259368224622958
ACH-000471	83	2314	157	180	0.876737381126555	0.315589353612167	0.936462970457305	0.330019880715706	0.262634096510982
ACH-000825	NaN	NaN	NaN	NaN	NaN	NaN	NaN	NaN	NaN
ACH-000330	106	2285	140	203	0.87454279444038	0.343042071197411	0.942268041237113	0.381981981981982	0.315689061873433
ACH-000323	84	2310	173	167	0.875640087783467	0.334661354581673	0.930326218284333	0.330708661417323	0.26219304231102
ACH-000127	110	2277	138	209	0.873079736649598	0.344827586206897	0.942857142857143	0.388007054673721	0.321583913258862
ACH-000007	101	2283	149	201	0.871982443306511	0.334437086092715	0.938733552631579	0.365942028985507	0.297080040749308
ACH-000178	95	2314	151	174	0.881126554498903	0.353159851301115	0.938742393509128	0.368932038834951	0.303829049575886
ACH-000968	106	2283	137	208	0.873811265544989	0.337579617834395	0.943388429752066	0.380610412926391	0.314803418713972
ACH-001340	74	2308	177	175	0.871250914411119	0.29718875502008	0.928772635814889	0.296	0.225149967599732
ACH-000338	NaN	NaN	NaN	NaN	NaN	NaN	NaN	NaN	NaN
ACH-000571	91	2294	163	186	0.872348207754206	0.328519855595668	0.933658933658934	0.342749529190207	0.272519333178722
ACH-000853	105	2277	133	219	0.871250914411119	0.324074074074074	0.944813278008299	0.373665480427046	0.308276650571524
ACH-000478	69	2307	167	191	0.869056327724945	0.265384615384615	0.932497978981407	0.278225806451613	0.206700676844163
ACH-000317	110	2257	129	238	0.865764447695684	0.316091954022989	0.94593461860855	0.374787052810903	0.309197484767274
ACH-000246	89	2307	158	180	0.876371616678859	0.330855018587361	0.935902636916836	0.344961240310078	0.277150154067757
ACH-000810	93	2273	147	221	0.865398683247988	0.296178343949045	0.939256198347107	0.335740072202166	0.265270431145992
ACH-000957	106	2280	134	214	0.872713972201902	0.33125	0.944490472245236	0.378571428571429	0.313249431623209
ACH-000444	93	2321	150	170	0.882955376737381	0.35361216730038	0.939295831647106	0.367588932806324	0.30349775174885
ACH-000344	103	2278	138	215	0.870885149963424	0.323899371069182	0.942880794701987	0.368515205724508	0.301679571479171
ACH-000847	84	2291	156	203	0.868690563277249	0.292682926829268	0.936248467511238	0.318785578747628	0.247975880514705
ACH-000383	107	2290	150	187	0.876737381126555	0.363945578231293	0.938524590163934	0.388384754990926	0.32108614170586
ACH-000448	98	2300	150	186	0.87710314557425	0.345070422535211	0.938775510204082	0.368421052631579	0.301542468111041
ACH-000108	93	2306	148	187	0.877468910021946	0.332142857142857	0.939690301548492	0.35700575815739	0.290702700348414
ACH-001164	90	2293	150	201	0.871616678858815	0.309278350515464	0.938600081866558	0.338983050847458	0.27014262989719
ACH-000188	85	2302	161	186	0.873079736649598	0.313653136531365	0.934632561916362	0.328820116054159	0.259284057440107
ACH-000544	96	2280	149	209	0.869056327724945	0.314754098360656	0.938657883902841	0.349090909090909	0.279315690434226
ACH-001552	83	2303	173	175	0.872713972201902	0.321705426356589	0.930129240710824	0.32295719844358	0.252714437356342
ACH-000522	103	2294	141	196	0.876737381126555	0.344481605351171	0.942094455852156	0.379373848987109	0.313711471256139
ACH-000167	88	2309	153	184	0.876737381126555	0.323529411764706	0.937855402112104	0.34307992202729	0.275955572117323
ACH-000512	115	2235	136	248	0.859546452084857	0.316804407713499	0.942640236187263	0.374592833876221	0.304886769273474
ACH-000047	112	2295	128	199	0.880395025603511	0.360128617363344	0.947172926124639	0.406533575317604	0.344800429200797
ACH-000824	78	2352	155	149	0.888807607900512	0.343612334801762	0.938173115277224	0.339130434782609	0.278467075526133
ACH-000746	108	2284	142	200	0.874908558888076	0.350649350649351	0.941467436108821	0.387096774193548	0.320428746791196
ACH-000748	74	2344	170	146	0.884418434528164	0.336363636363636	0.932378679395386	0.318965517241379	0.256410287445462
ACH-000865	84	2342	157	151	0.887344550109729	0.357446808510638	0.937174869947979	0.352941176470588	0.291280960501639
ACH-000086	88	2300	164	182	0.873445501097293	0.325925925925926	0.933441558441558	0.337164750957854	0.267495576518653
ACH-000657	89	2306	154	185	0.876005852231163	0.324817518248175	0.93739837398374	0.344294003868472	0.276701710609379
ACH-000259	94	2315	145	180	0.881126554498903	0.343065693430657	0.941056910569106	0.366471734892788	0.302074729918961
ACH-000693	100	2289	147	198	0.873811265544989	0.335570469798658	0.939655172413793	0.36697247706422	0.299191532674296
ACH-000913	90	2305	149	190	0.876005852231163	0.321428571428571	0.939282803585982	0.346820809248555	0.279860786017338
ACH-000123	91	2302	151	190	0.875274323335772	0.323843416370107	0.938442723196086	0.347992351816444	0.280411340212995
ACH-000329	98	2279	164	193	0.869422092172641	0.336769759450172	0.93286942284077	0.354430379746835	0.282498632941707
ACH-000577	100	2245	150	239	0.857717629846379	0.294985250737463	0.937369519832985	0.33955857385399	0.265679717910574
ACH-000487	104	2278	148	204	0.871250914411119	0.337662337662338	0.938994229183842	0.371428571428571	0.302385234584702
ACH-000859	94	2283	151	206	0.869422092172641	0.313333333333333	0.937962202136401	0.344954128440367	0.274985754992654
ACH-000801	98	2304	139	193	0.878566203365033	0.336769759450172	0.943102742529677	0.371212121212121	0.306750312673532
ACH-000911	104	2302	135	193	0.880029261155816	0.35016835016835	0.94460402133771	0.388059701492537	0.324757013726704
ACH-000324	85	2304	157	188	0.873811265544989	0.311355311355311	0.936204794798862	0.330097087378641	0.26129800182101
ACH-000310	90	2318	158	168	0.880760790051207	0.348837209302326	0.936187399030695	0.355731225296443	0.29012899134088
ACH-000620	94	2280	154	206	0.868324798829554	0.313333333333333	0.936729663105998	0.343065693430657	0.272140978915956
ACH-000215	85	2328	162	159	0.882589612289685	0.348360655737705	0.934939759036145	0.346232179226069	0.281744487659057
ACH-000889	114	2271	128	221	0.872348207754206	0.340298507462687	0.946644435181326	0.395147313691508	0.331246557295755
ACH-000696	88	2312	159	175	0.877834674469642	0.334600760456274	0.935653581545933	0.345098039215686	0.277971683856307
ACH-000757	102	2286	146	200	0.873445501097293	0.337748344370861	0.939967105263158	0.370909090909091	0.303116023524413
ACH-000029	104	2294	133	203	0.87710314557425	0.338762214983713	0.945199835187474	0.382352941176471	0.318625796986571
ACH-000782	107	2278	145	204	0.872348207754206	0.344051446945338	0.940156830375568	0.380106571936057	0.311955369182229
ACH-001173	94	2308	151	181	0.878566203365033	0.341818181818182	0.938592923952826	0.361538461538462	0.295287682112146
ACH-000356	105	2306	129	194	0.881858083394294	0.351170568561873	0.947022587268994	0.393996247654784	0.3326632416028
ACH-000009	95	2303	152	184	0.87710314557425	0.340501792114695	0.938085539714868	0.361216730038023	0.294173023724644
ACH-000424	91	2290	158	195	0.870885149963424	0.318181818181818	0.935457516339869	0.34018691588785	0.269800318653157
ACH-000588	114	2271	127	222	0.872348207754206	0.339285714285714	0.947039199332777	0.395147313691508	0.331576471692646
ACH-000701	87	2302	167	178	0.873811265544989	0.328301886792453	0.932361279870393	0.335260115606936	0.265656502219931
ACH-000580	93	2305	149	187	0.87710314557425	0.332142857142857	0.939282803585982	0.35632183908046	0.289724683150745
ACH-000226	101	2291	137	205	0.874908558888076	0.330065359477124	0.943574958813839	0.371323529411765	0.306023214223908
ACH-000200	83	2284	167	200	0.865764447695684	0.293286219081272	0.931864545083639	0.311444652908068	0.237953719979566
ACH-000152	97	2304	162	171	0.878200438917337	0.361940298507463	0.934306569343066	0.368121442125237	0.300801651825997
ACH-000507	112	2289	133	200	0.878200438917337	0.358974358974359	0.945086705202312	0.402154398563734	0.338477408380342
ACH-000973	90	2330	147	167	0.885149963423555	0.350194552529183	0.940654016955995	0.364372469635628	0.301656753581405
ACH-000397	75	2304	176	179	0.870153621068032	0.295275590551181	0.929032258064516	0.297029702970297	0.225507997350306
ACH-000655	89	2309	160	176	0.87710314557425	0.335849056603774	0.935196435803969	0.346303501945525	0.278716577885264
ACH-000700	99	2252	150	233	0.859912216532553	0.298192771084337	0.937552039966694	0.3407917383821	0.267630013266429
ACH-000734	91	2292	152	199	0.871616678858815	0.313793103448276	0.937806873977087	0.341463414634146	0.272251447182354
ACH-000337	113	2270	134	217	0.871616678858815	0.342424242424242	0.944259567387687	0.391681109185442	0.325792437987974
ACH-000472	82	2321	169	162	0.878931967812729	0.336065573770492	0.932128514056225	0.331313131313131	0.264800356871294
ACH-000556	101	2287	153	193	0.873445501097293	0.343537414965986	0.937295081967213	0.368613138686131	0.299690682674471
ACH-000846	96	2303	161	174	0.877468910021946	0.355555555555556	0.934659090909091	0.364326375711575	0.296682544690216
ACH-000505	83	2315	164	172	0.87710314557425	0.325490196078431	0.933844292053247	0.330677290836653	0.26307662428387
ACH-000861	90	2306	160	178	0.876371616678859	0.335820895522388	0.935117599351176	0.347490347490348	0.279504527377597
ACH-000614	113	2263	137	221	0.869056327724945	0.338323353293413	0.942916666666667	0.386986301369863	0.319528922028391
ACH-000974	84	2291	165	194	0.868690563277249	0.302158273381295	0.932817589576547	0.318785578747628	0.246829442528369
ACH-000204	95	2274	143	222	0.866495976591075	0.299684542586751	0.940835746793546	0.342342342342342	0.273154843042509
ACH-000963	106	2259	142	227	0.865032918800293	0.318318318318318	0.940857975843399	0.364888123924269	0.295146114341152
ACH-000676	113	2280	125	216	0.875274323335772	0.343465045592705	0.948024948024948	0.398589065255732	0.336409592570189
ACH-000473	82	2334	161	157	0.883686905632773	0.343096234309623	0.935470941883768	0.340248962655602	0.276486650137482
ACH-000838	97	2290	150	197	0.873079736649598	0.329931972789116	0.938524590163934	0.358595194085028	0.290105681844119
ACH-000491	104	2282	148	200	0.872713972201902	0.342105263157895	0.939094650205761	0.37410071942446	0.305600423800693
ACH-000258	98	2278	155	203	0.869056327724945	0.325581395348837	0.936292642827785	0.353790613718412	0.282861021069854
ACH-000589	101	2277	157	199	0.869787856620337	0.336666666666667	0.935497124075596	0.362007168458781	0.290981974411152
ACH-000092	80	2309	158	187	0.873811265544989	0.299625468164794	0.935954600729631	0.316831683168317	0.248066420985673
ACH-000541	97	2273	141	223	0.866861741038771	0.303125	0.94159072079536	0.347670250896057	0.279058157720443
ACH-000070	119	2258	128	229	0.869422092172641	0.341954022988506	0.946353730092205	0.4	0.3351928868236
ACH-000936	104	2277	138	215	0.870885149963424	0.326018808777429	0.942857142857143	0.370766488413547	0.303895428886754
ACH-000250	79	2300	164	191	0.870153621068032	0.292592592592593	0.933441558441558	0.307992202729045	0.23696613986286
ACH-000706	108	2286	140	200	0.875640087783467	0.350649350649351	0.942291838417148	0.388489208633094	0.322496342820977
ACH-000436	88	2296	164	186	0.871982443306511	0.321167883211679	0.933333333333333	0.334600760456274	0.264199224586754
ACH-000499	91	2281	158	204	0.867593269934162	0.308474576271186	0.935219352193522	0.334558823529412	0.262783895982558
ACH-000788	75	2327	165	167	0.878566203365033	0.309917355371901	0.933788121990369	0.311203319502075	0.244620667422277
ACH-000510	96	2321	154	163	0.884052670080468	0.370656370656371	0.937777777777778	0.37721021611002	0.313367634116753
ACH-000849	114	2292	141	187	0.880029261155816	0.378737541528239	0.942046855733662	0.410071942446043	0.345270270472981
ACH-000404	98	2243	154	239	0.856254572055596	0.29080118694362	0.935753024614101	0.33276740237691	0.257466037104683
ACH-000281	102	2293	145	194	0.876005852231163	0.344594594594595	0.940525020508614	0.375690607734807	0.30903198606126
ACH-000277	109	2263	140	222	0.867593269934162	0.329305135951662	0.94173949230129	0.375862068965517	0.307304427040017
ACH-000520	75	2310	162	187	0.872348207754206	0.286259541984733	0.934466019417476	0.30060120240481	0.230910703694303
ACH-000425	88	2305	152	189	0.875274323335772	0.317689530685921	0.938135938135938	0.340425531914894	0.272792481231819
ACH-000163	77	2305	159	193	0.871250914411119	0.285185185185185	0.935470779220779	0.304347826086957	0.234404360510945
ACH-000600	88	2305	164	177	0.875274323335772	0.332075471698113	0.933576346699068	0.340425531914894	0.271703426852874
ACH-000368	80	2296	181	177	0.869056327724945	0.311284046692607	0.926927735163504	0.308880308880309	0.236570447183084
ACH-000304	92	2289	151	202	0.870885149963424	0.312925170068027	0.938114754098361	0.342644320297952	0.273288510022036
ACH-000004	104	2298	145	187	0.878566203365033	0.357388316151203	0.940646745804339	0.385185185185185	0.319457226622705
ACH-000415	96	2269	192	177	0.865032918800293	0.351648351648352	0.921982933766761	0.342245989304813	0.267225815284722
ACH-000986	108	2301	134	191	0.881126554498903	0.361204013377926	0.944969199178645	0.399260628465804	0.336411292879698
ACH-000848	102	2313	133	186	0.883321141185077	0.354166666666667	0.94562551103843	0.390057361376673	0.328342959162116
ACH-000060	92	2308	163	171	0.877834674469642	0.349809885931559	0.934034803723189	0.355212355212355	0.28779726798367
ACH-000843	119	2283	120	212	0.878566203365033	0.359516616314199	0.950062421972534	0.417543859649123	0.35754293725411
ACH-000736	110	2274	147	203	0.871982443306511	0.351437699680511	0.939281288723668	0.385964912280702	0.31718555244175
ACH-000390	104	2291	136	203	0.876005852231163	0.338762214983713	0.943963741244335	0.380255941499086	0.315439381180661
ACH-000817	109	2270	137	218	0.870153621068032	0.333333333333333	0.943082675529705	0.380453752181501	0.313460175105353
ACH-000011	86	2299	156	193	0.872348207754206	0.308243727598566	0.936456211812627	0.330134357005758	0.260783439930414
ACH-000498	100	2148	162	324	0.822238478419898	0.235849056603774	0.92987012987013	0.291545189504373	0.203791859488395
ACH-000724	86	2305	155	188	0.87454279444038	0.313868613138686	0.936991869918699	0.333980582524272	0.265708488343087
ACH-000030	119	2294	128	193	0.882589612289685	0.381410256410256	0.947151114781173	0.425760286225403	0.364413535282946
ACH-000477	95	2285	142	212	0.870519385515728	0.309446254071661	0.941491553358055	0.349264705882353	0.281570226860085
ACH-000322	103	2273	142	216	0.869056327724945	0.322884012539185	0.94120082815735	0.365248226950355	0.296825966529589
ACH-000198	123	2248	137	226	0.867227505486467	0.35243553008596	0.942557651991614	0.403940886699507	0.335569408318769
ACH-000207	114	2236	149	235	0.859546452084857	0.326647564469914	0.937526205450734	0.372549019607843	0.298973263509124
ACH-000862	93	2301	168	172	0.875640087783467	0.350943396226415	0.931956257594168	0.35361216730038	0.284828594025706
ACH-000725	113	2243	149	229	0.861741038771031	0.330409356725146	0.937709030100334	0.374172185430464	0.301332073169283
ACH-000524	84	2322	164	164	0.880029261155816	0.338709677419355	0.934030571198713	0.338709677419355	0.272740248618068
ACH-000183	107	2279	132	216	0.872713972201902	0.331269349845201	0.945250933222729	0.380782918149466	0.316004039078642
ACH-000019	114	2264	133	223	0.869787856620337	0.338278931750742	0.944513975803087	0.39041095890411	0.324288174032762
ACH-000839	72	2289	174	199	0.86356986100951	0.265682656826568	0.929354445797808	0.27852998065764	0.203676698400159
ACH-000593	93	2322	148	171	0.883321141185077	0.352272727272727	0.940080971659919	0.368316831683168	0.304571577385148
ACH-000493	88	2297	159	190	0.872348207754206	0.316546762589928	0.935260586319218	0.335238095238095	0.265471932097986
ACH-000651	109	2286	132	207	0.876005852231163	0.344936708860759	0.945409429280397	0.391382405745063	0.327429709612192
ACH-000771	87	2279	173	195	0.865398683247988	0.308510638297872	0.929445350734095	0.321033210332103	0.246714630981219
ACH-000464	82	2306	163	183	0.873445501097293	0.309433962264151	0.933981368975294	0.32156862745098	0.252136616004583
ACH-000128	100	2308	159	167	0.880760790051207	0.374531835205993	0.935549250101338	0.380228136882129	0.314324329048483
ACH-000821	112	2265	139	218	0.869422092172641	0.339393939393939	0.942179700499168	0.385542168674699	0.317680806108641
ACH-000946	103	2304	151	176	0.880395025603511	0.369175627240143	0.938492871690428	0.386491557223265	0.320824985876214
ACH-000784	87	2312	157	178	0.877468910021946	0.328301886792453	0.936411502632645	0.341846758349705	0.274703886631136
ACH-000756	75	2321	162	176	0.876371616678859	0.298804780876494	0.934756343133306	0.307377049180328	0.239685815233988
ACH-000017	102	2289	155	188	0.87454279444038	0.351724137931034	0.93657937806874	0.372943327239488	0.304207539634851
ACH-000758	103	2305	137	189	0.880760790051207	0.352739726027397	0.943898443898444	0.387218045112782	0.323770624723116
ACH-000028	111	2282	138	203	0.875274323335772	0.353503184713376	0.94297520661157	0.394316163410302	0.328550916095924
ACH-000393	70	2315	179	170	0.872348207754206	0.291666666666667	0.92822774659182	0.286298568507157	0.216274427442348
ACH-000025	99	2287	139	209	0.872713972201902	0.321428571428571	0.942704039571311	0.362637362637363	0.296232028133397
ACH-000376	91	2323	144	176	0.882955376737381	0.340823970037453	0.94162950952574	0.362549800796813	0.299136959753234
ACH-000622	81	2322	160	171	0.878931967812729	0.321428571428571	0.935535858178888	0.328600405679513	0.262182987946352
ACH-000856	107	2277	148	202	0.871982443306511	0.346278317152104	0.938969072164948	0.379432624113475	0.310562086521361
ACH-000407	79	2318	165	172	0.876737381126555	0.314741035856574	0.933548127265405	0.319191919191919	0.25147128352672
ACH-000082	72	2316	171	175	0.873445501097293	0.291497975708502	0.93124246079614	0.293877551020408	0.224385833835866
ACH-000695	90	2325	148	171	0.883321141185077	0.344827586206897	0.940153659522847	0.360721442885772	0.297055654307382
ACH-000869	92	2306	147	189	0.87710314557425	0.327402135231317	0.940073379535263	0.353846153846154	0.287575405342771
ACH-000616	85	2307	163	179	0.874908558888076	0.321969696969697	0.934008097165992	0.33203125	0.263254818917513
ACH-000387	107	2299	140	188	0.880029261155816	0.36271186440678	0.94259942599426	0.394833948339483	0.330425384221253
ACH-000975	114	2280	130	210	0.875640087783467	0.351851851851852	0.946058091286307	0.401408450704225	0.337731398431263
ACH-000662	100	2220	138	276	0.848573518653987	0.265957446808511	0.94147582697201	0.325732899022801	0.253415675451391
ACH-000661	99	2269	149	217	0.86613021214338	0.313291139240506	0.9383788254756	0.351063829787234	0.280173254697908
ACH-000363	102	2292	152	188	0.875640087783467	0.351724137931034	0.937806873977087	0.375	0.307115679293751
ACH-000248	107	2289	141	197	0.876371616678859	0.351973684210526	0.941975308641975	0.38768115942029	0.321762555529803
ACH-000075	71	2303	180	180	0.868324798829554	0.282868525896414	0.927507047925896	0.282868525896414	0.21037557382231
ACH-000235	104	2297	145	188	0.878200438917337	0.356164383561644	0.940622440622441	0.384473197781885	0.318600169142511
ACH-000648	97	2256	157	224	0.860643745427944	0.302180685358255	0.934935764608371	0.337391304347826	0.262936067118207
ACH-000375	105	2286	137	206	0.87454279444038	0.337620578778135	0.943458522492778	0.379746835443038	0.31419824568471
ACH-000819	87	2335	153	159	0.885881492318947	0.353658536585366	0.938504823151125	0.358024691358025	0.295436837788656
ACH-000243	85	2298	164	187	0.871616678858815	0.3125	0.933387489845654	0.326295585412668	0.255800883237707
ACH-000138	112	2283	128	211	0.876005852231163	0.346749226006192	0.946909995852343	0.397868561278863	0.334957467687602
ACH-000227	88	2277	154	215	0.865032918800293	0.29042904290429	0.936651583710407	0.322935779816514	0.250964432178876
ACH-000273	102	2295	154	183	0.876737381126555	0.357894736842105	0.937117190690078	0.377079482439926	0.309446634726542
ACH-000467	105	2296	130	203	0.878200438917337	0.340909090909091	0.94641384995878	0.386740331491713	0.324096245734821
ACH-000454	116	2281	125	212	0.876737381126555	0.353658536585366	0.948046550290939	0.407732864674868	0.345778276639834
ACH-001366	95	2312	156	171	0.880395025603511	0.357142857142857	0.936790923824959	0.367504835589942	0.301673857495592
ACH-000490	82	2318	160	174	0.877834674469642	0.3203125	0.935431799838579	0.329317269076305	0.262297948819828
ACH-000767	98	2312	143	181	0.881492318946598	0.351254480286738	0.941751527494908	0.376923076923077	0.31284895922943
ACH-000882	105	2292	135	202	0.876737381126555	0.342019543973941	0.944375772558714	0.383912248628885	0.31953331284246
ACH-000374	106	2261	138	229	0.865764447695684	0.316417910447761	0.942476031679867	0.366148531951641	0.297758953388367
ACH-000639	102	2309	140	183	0.881858083394294	0.357894736842105	0.942833809718252	0.387096774193548	0.323526437763978
ACH-000811	73	2337	165	159	0.881492318946598	0.314655172413793	0.934052757793765	0.31063829787234	0.245847903609109
ACH-000777	89	2306	147	192	0.876005852231163	0.316725978647687	0.940073379535263	0.344294003868472	0.277679391857065
ACH-000898	101	2289	147	197	0.874177029992685	0.338926174496644	0.939655172413793	0.36996336996337	0.302289042708389
ACH-000627	92	2304	155	183	0.876371616678859	0.334545454545455	0.936966246441643	0.352490421455939	0.284870706442942
ACH-000151	94	2274	153	213	0.86613021214338	0.306188925081433	0.936959208899876	0.339350180505415	0.267786480632994
ACH-000278	85	2311	155	183	0.876371616678859	0.317164179104478	0.937145174371452	0.334645669291339	0.267222130068129
ACH-000912	94	2306	151	183	0.877834674469642	0.339350180505415	0.938542938542939	0.360153256704981	0.293578850425065
ACH-000965	103	2286	153	192	0.873811265544989	0.349152542372881	0.937269372693727	0.373865698729583	0.305036998311541
ACH-000740	92	2312	151	179	0.879297732260424	0.339483394833948	0.938692651238327	0.357976653696498	0.292110104884853
ACH-000823	99	2286	151	198	0.872348207754206	0.333333333333333	0.938038572014772	0.361974405850091	0.292971296568948
ACH-000570	84	2329	152	169	0.882589612289685	0.33201581027668	0.938734381297864	0.343558282208589	0.279376708784809
ACH-000022	91	2328	145	170	0.88478419897586	0.348659003831418	0.941366761019005	0.366197183098592	0.303470635492938
ACH-000168	89	2299	161	185	0.873445501097293	0.324817518248175	0.934552845528455	0.33969465648855	0.270219935524625
ACH-000078	84	2296	164	190	0.870519385515728	0.306569343065693	0.933333333333333	0.32183908045977	0.250842733909797
ACH-000293	89	2313	153	179	0.878566203365033	0.332089552238806	0.937956204379562	0.349019607843137	0.282695951194806
ACH-000873	109	2287	142	196	0.876371616678859	0.357377049180328	0.941539728283244	0.392086330935252	0.32590329259966
ACH-000735	89	2282	177	186	0.867227505486467	0.323636363636364	0.928019520130134	0.32902033271719	0.255410827437847
ACH-000054	94	2294	156	190	0.873445501097293	0.330985915492958	0.936326530612245	0.352059925093633	0.282953839989615
ACH-000143	86	2304	153	191	0.874177029992685	0.310469314079422	0.937728937728938	0.333333333333333	0.265159355977149
ACH-000947	101	2289	139	205	0.874177029992685	0.330065359477124	0.942751235584844	0.36996336996337	0.3039498919573
ACH-000279	109	2303	129	193	0.88222384784199	0.360927152317881	0.946957236842105	0.403703703703704	0.342343555568824
ACH-000800	97	2270	137	230	0.865764447695684	0.296636085626911	0.943082675529705	0.345811051693405	0.278058395929813
ACH-000132	88	2309	151	186	0.876737381126555	0.321167883211679	0.938617886178862	0.34307992202729	0.276200186189701
ACH-000118	108	2264	141	221	0.867593269934162	0.328267477203647	0.941372141372141	0.373702422145329	0.304913268492894
ACH-000885	110	2267	137	220	0.869422092172641	0.333333333333333	0.943011647254576	0.381282495667244	0.314043213708289
ACH-000831	116	2278	124	216	0.875640087783467	0.349397590361446	0.948376353039134	0.405594405594406	0.343707010375135
ACH-000573	102	2325	141	166	0.887710314557425	0.380597014925373	0.942822384428224	0.399217221135029	0.337940310519789
ACH-000476	99	2297	141	197	0.876371616678859	0.334459459459459	0.942165709598031	0.369402985074627	0.303738996020607
ACH-000486	92	2307	153	182	0.877468910021946	0.335766423357664	0.93780487804878	0.354527938342967	0.287619204579169
ACH-000984	91	2325	151	167	0.883686905632773	0.352713178294574	0.939014539579968	0.364	0.300248720812641
ACH-000280	86	2301	160	187	0.873079736649598	0.315018315018315	0.934985778138968	0.33140655105973	0.26193377856626
ACH-000211	85	2313	167	169	0.87710314557425	0.334645669291339	0.932661290322581	0.33596837944664	0.26825745865033
ACH-000217	118	2275	140	201	0.875274323335772	0.369905956112853	0.942028985507246	0.409012131715771	0.342556932679768
ACH-000095	72	2323	178	161	0.876005852231163	0.309012875536481	0.928828468612555	0.298136645962733	0.230396754401176
ACH-000146	98	2305	157	174	0.878931967812729	0.360294117647059	0.936230706742486	0.371916508538899	0.305197646367743
ACH-000461	106	2290	127	211	0.876371616678859	0.334384858044164	0.947455523376086	0.385454545454545	0.32317396592332
ACH-000929	88	2280	151	215	0.86613021214338	0.29042904290429	0.937885643767997	0.324723247232472	0.253754304029468
ACH-000274	86	2322	149	177	0.880760790051207	0.326996197718631	0.939700526102792	0.345381526104418	0.280552968620469
ACH-000747	121	2278	121	214	0.877468910021946	0.361194029850746	0.949562317632347	0.419410745233969	0.358736720663257
ACH-000770	106	2286	154	188	0.874908558888076	0.360544217687075	0.936885245901639	0.382671480144404	0.314098631776248
ACH-000420	81	2314	159	180	0.876005852231163	0.310344827586207	0.935705620703599	0.323353293413174	0.255506896611318
ACH-000884	97	2309	135	193	0.880029261155816	0.33448275862069	0.944762684124386	0.371647509578544	0.308565984450215
ACH-000876	109	2278	140	207	0.873079736649598	0.344936708860759	0.942100909842845	0.385840707964602	0.318968383846928
ACH-000035	95	2299	149	191	0.875640087783467	0.332167832167832	0.939133986928105	0.358490566037736	0.291237196850175
ACH-000265	103	2299	138	194	0.878566203365033	0.346801346801347	0.943372999589659	0.382899628252788	0.318489664677682
ACH-000517	91	2327	148	168	0.884418434528164	0.351351351351351	0.94020202020202	0.365461847389558	0.302288291647661
ACH-000647	105	2301	148	180	0.880029261155816	0.368421052631579	0.939567170273581	0.390334572490706	0.32477103531408
ACH-001318	96	2291	141	206	0.873079736649598	0.317880794701987	0.942023026315789	0.35621521335807	0.289543938122072
ACH-000550	93	2313	146	182	0.880029261155816	0.338181818181818	0.940626270841806	0.361867704280156	0.296904483310888
ACH-000618	116	2269	132	217	0.872348207754206	0.348348348348348	0.945022907122033	0.399311531841652	0.334086828394269
ACH-000585	86	2314	153	181	0.877834674469642	0.322097378277154	0.937981353871098	0.339920948616601	0.273344801806074
ACH-000316	90	2297	151	196	0.873079736649598	0.314685314685315	0.938316993464052	0.341555977229602	0.273113737834062
ACH-000410	85	2321	161	167	0.880029261155816	0.337301587301587	0.935132957292506	0.34136546184739	0.275404221190915
ACH-000115	82	2278	169	205	0.863204096561814	0.285714285714286	0.930935839803841	0.304832713754647	0.229980840855656
ACH-000637	89	2288	157	200	0.869422092172641	0.307958477508651	0.935787321063395	0.332710280373832	0.261898342624317
ACH-000233	111	2279	141	203	0.874177029992685	0.353503184713376	0.941735537190083	0.392226148409894	0.325420317630924
ACH-000527	85	2328	153	168	0.882589612289685	0.33596837944664	0.938331318016929	0.346232179226069	0.281960454724753
ACH-000900	98	2264	154	218	0.863935625457206	0.310126582278481	0.93631100082713	0.345070422535211	0.272381414872802
ACH-000098	73	2309	175	177	0.871250914411119	0.292	0.929549114331723	0.293172690763052	0.222351168323535
ACH-000619	95	2277	149	213	0.867593269934162	0.308441558441558	0.938582028029678	0.344202898550725	0.273945766062514
ACH-000416	94	2333	145	162	0.887710314557425	0.3671875	0.941485068603713	0.37979797979798	0.318371690992294
ACH-000969	104	2288	142	200	0.874908558888076	0.342105263157895	0.94156378600823	0.378181818181818	0.311644265546388
ACH-000802	88	2302	170	174	0.874177029992685	0.33587786259542	0.931229773462783	0.338461538461538	0.268952762549127
ACH-000805	98	2287	152	197	0.872348207754206	0.332203389830508	0.937679376793768	0.359633027522936	0.290500083532559
ACH-000996	81	2322	157	174	0.878931967812729	0.317647058823529	0.936668011294877	0.328600405679513	0.262343120941893
ACH-000638	109	2274	150	201	0.871616678858815	0.351612903225806	0.938118811881188	0.383128295254833	0.313693636113682
ACH-000015	92	2301	145	196	0.875274323335772	0.319444444444444	0.940719542109567	0.35047619047619	0.283849546572582
ACH-000468	98	2299	153	184	0.876737381126555	0.347517730496454	0.937601957585644	0.367729831144465	0.300321741600561
ACH-000291	86	2316	155	177	0.878566203365033	0.326996197718631	0.937272359368677	0.341269841269841	0.274846417092503
ACH-000671	99	2286	136	213	0.872348207754206	0.317307692307692	0.943848059454996	0.361974405850091	0.296242185149292
ACH-000840	93	2262	166	213	0.861375274323336	0.303921568627451	0.93163097199341	0.329203539823009	0.253591891814485
ACH-000720	86	2305	172	171	0.87454279444038	0.334630350194553	0.930561162696811	0.333980582524272	0.264730520008015
ACH-000257	107	2298	127	202	0.87966349670812	0.346278317152104	0.947628865979381	0.394106813996317	0.33263456696119
ACH-000381	101	2310	135	188	0.881858083394294	0.349480968858132	0.94478527607362	0.384761904761905	0.322163683325565
ACH-000012	91	2289	160	194	0.870519385515728	0.319298245614035	0.934667211106574	0.33955223880597	0.268761002166415
ACH-000776	86	2285	172	191	0.867227505486467	0.310469314079422	0.92999592999593	0.321495327102804	0.248204472863418
ACH-000994	113	2286	133	202	0.877468910021946	0.358730158730159	0.9450186027284	0.402852049910873	0.338918273422418
ACH-000401	101	2277	160	196	0.869787856620337	0.34006734006734	0.93434550677062	0.362007168458781	0.290588294964833
ACH-000890	91	2301	162	180	0.874908558888076	0.335793357933579	0.934226552984166	0.347328244274809	0.278444727229945
ACH-000466	92	2280	153	209	0.867593269934162	0.305647840531561	0.93711467324291	0.336996336996337	0.266036017354054
ACH-000445	82	2300	155	197	0.871250914411119	0.293906810035842	0.936863543788187	0.317829457364341	0.248270101402771
ACH-000792	74	2310	175	175	0.871982443306511	0.29718875502008	0.929577464788732	0.29718875502008	0.226766219808813
ACH-000475	90	2316	151	177	0.880029261155816	0.337078651685393	0.938792055127685	0.354330708661417	0.288852501195652
ACH-000623	73	2323	178	160	0.876371616678859	0.313304721030043	0.928828468612555	0.301652892561983	0.234133689551381
ACH-000231	69	2325	179	161	0.875640087783467	0.3	0.928514376996805	0.288702928870293	0.220860579142711
ACH-000037	84	2310	158	182	0.875640087783467	0.315789473684211	0.935980551053485	0.330708661417323	0.262685267611567
ACH-000822	99	2295	135	205	0.875640087783467	0.325657894736842	0.944444444444444	0.368029739776952	0.303522115773847
ACH-000253	98	2306	146	184	0.879297732260424	0.347517730496454	0.940456769983687	0.372623574144487	0.307216285584165
ACH-000150	93	2294	140	207	0.873079736649598	0.31	0.942481511914544	0.348968105065666	0.282628328544056
ACH-000584	96	2313	150	175	0.881126554498903	0.354243542435424	0.939098660170524	0.37137330754352	0.306336438166216
ACH-000665	78	2335	159	162	0.882589612289685	0.325	0.936246992782678	0.327044025157233	0.2627372810164
ACH-000085	80	2285	175	194	0.865032918800293	0.291970802919708	0.928861788617886	0.302457466918715	0.228032973513702
ACH-001075	79	2306	154	195	0.872348207754206	0.288321167883212	0.93739837398374	0.31163708086785	0.242760033480201
ACH-000266	75	2322	170	167	0.876737381126555	0.309917355371901	0.931781701444623	0.308008213552361	0.240359430953666
ACH-000718	94	2290	144	206	0.871982443306511	0.313333333333333	0.940838126540674	0.349442379182156	0.281797365524189
ACH-000841	88	2302	147	197	0.874177029992685	0.308771929824561	0.939975500204165	0.338461538461538	0.271180442980814
ACH-000458	82	2333	158	161	0.883321141185077	0.337448559670782	0.936571657968687	0.339544513457557	0.27556164081497
ACH-000787	101	2288	149	196	0.873811265544989	0.34006734006734	0.93885925318014	0.369287020109689	0.301127287168691
ACH-000549	93	2273	152	216	0.865398683247988	0.300970873786408	0.937319587628866	0.335740072202166	0.264147362670798
ACH-000632	86	2319	152	177	0.87966349670812	0.326996197718631	0.938486442735735	0.343313373253493	0.277676806737495
ACH-000921	101	2290	139	204	0.87454279444038	0.331147540983607	0.942774804446274	0.370642201834862	0.304745494314372
ACH-000699	100	2313	139	182	0.882589612289685	0.354609929078014	0.943311582381729	0.383877159309021	0.32081334408074
ACH-000907	88	2279	177	190	0.865764447695684	0.316546762589928	0.927931596091205	0.324125230202578	0.249743111672894
ACH-000290	100	2323	134	177	0.886247256766642	0.36101083032491	0.945461945461946	0.391389432485323	0.330564667165254
ACH-000950	93	2298	154	189	0.87454279444038	0.329787234042553	0.937194127243067	0.351606805293006	0.283256158465176
ACH-000480	87	2292	147	208	0.870153621068032	0.294915254237288	0.939729397293973	0.328922495274102	0.260225369873917
ACH-000941	100	2302	154	178	0.878566203365033	0.359712230215827	0.937296416938111	0.37593984962406	0.309216723550345
ACH-000460	102	2276	145	211	0.869787856620337	0.325878594249201	0.940107393638992	0.364285714285714	0.295421400646591
ACH-000378	99	2284	150	201	0.871616678858815	0.33	0.938373048479869	0.360655737704918	0.291539190544413
ACH-000837	100	2291	148	195	0.87454279444038	0.338983050847458	0.939319393193932	0.368324125230203	0.300647450861549
ACH-000426	96	2263	151	224	0.862838332114119	0.3	0.937448218724109	0.338624338624339	0.26627240981172
ACH-000182	108	2287	145	194	0.876005852231163	0.357615894039735	0.940378289473684	0.389189189189189	0.322343859345063
ACH-000980	93	2328	145	168	0.885515727871251	0.35632183908046	0.941366761019005	0.372745490981964	0.310301408276726
ACH-000350	89	2312	154	179	0.878200438917337	0.332089552238806	0.937550689375507	0.348336594911937	0.281746571671005
ACH-000939	101	2310	139	184	0.881858083394294	0.354385964912281	0.943242139648836	0.384761904761905	0.321393371638607
ACH-000521	90	2286	154	204	0.869056327724945	0.306122448979592	0.936885245901639	0.33457249070632	0.264054770185852
ACH-000237	70	2326	180	158	0.876371616678859	0.307017543859649	0.928172386272945	0.292887029288703	0.225595732403368
ACH-000504	78	2312	171	173	0.874177029992685	0.310756972111554	0.931131695529601	0.312	0.242760415869046
ACH-000099	89	2307	148	190	0.876371616678859	0.318996415770609	0.939714867617108	0.344961240310078	0.278329843917852
ACH-000408	107	2293	136	198	0.877834674469642	0.350819672131148	0.944009880609304	0.39051094890511	0.326170508075229
ACH-000133	79	2317	157	181	0.876371616678859	0.303846153846154	0.936540016168149	0.318548387096774	0.251098305058731
ACH-000783	79	2298	163	194	0.869422092172641	0.289377289377289	0.933766761479074	0.306796116504854	0.235527022155587
ACH-000348	85	2296	164	189	0.870885149963424	0.31021897810219	0.933333333333333	0.325047801147228	0.254198053397552
ACH-000537	98	2280	151	205	0.869787856620337	0.323432343234323	0.937885643767997	0.355072463768116	0.285115105924472
ACH-000697	99	2291	146	198	0.874177029992685	0.333333333333333	0.94009027492819	0.365313653136531	0.297883541845406
ACH-000866	107	2312	129	186	0.88478419897586	0.36518771331058	0.947152806226956	0.404536862003781	0.34402801509241
ACH-000901	90	2314	160	170	0.879297732260424	0.346153846153846	0.935327405012126	0.352941176470588	0.2864772864398
ACH-000937	119	2282	134	199	0.878200438917337	0.374213836477987	0.94453642384106	0.416812609457093	0.352645974245729
ACH-000366	87	2322	159	166	0.881126554498903	0.343873517786561	0.935912938331318	0.348697394789579	0.283339803599984
ACH-000924	107	2299	134	194	0.880029261155816	0.355481727574751	0.944923962186601	0.394833948339483	0.331659770425281
ACH-000503	87	2273	161	213	0.863204096561814	0.29	0.933853738701725	0.317518248175182	0.24361771414294
ACH-000256	86	2295	180	173	0.870885149963424	0.332046332046332	0.927272727272727	0.327619047619048	0.256246843994305
ACH-001190	98	2296	151	189	0.875640087783467	0.341463414634146	0.938291785860237	0.365671641791045	0.298039091941875
ACH-000052	77	2286	178	193	0.864301389904901	0.285185185185185	0.92775974025974	0.293333333333333	0.218454590582933
ACH-000260	72	2320	170	172	0.874908558888076	0.295081967213115	0.931726907630522	0.296296296296296	0.227652764679214
ACH-000040	79	2313	172	170	0.874908558888076	0.317269076305221	0.930784708249497	0.316	0.247163027936374
ACH-000014	99	2293	152	190	0.874908558888076	0.342560553633218	0.937832310838446	0.366666666666667	0.298558946739632
ACH-000189	104	2264	137	229	0.86613021214338	0.312312312312312	0.942940441482715	0.362369337979094	0.294455026542569
ACH-000683	89	2316	151	178	0.87966349670812	0.333333333333333	0.938792055127685	0.351084812623274	0.285466678567651
ACH-000223	102	2312	139	181	0.882955376737381	0.360424028268551	0.94328845369237	0.389312977099237	0.326330640789039
ACH-000039	92	2297	150	195	0.873811265544989	0.320557491289199	0.938700449530037	0.347826086956522	0.279774609566905
ACH-000312	96	2317	150	171	0.882589612289685	0.359550561797753	0.939197405755979	0.374269005847953	0.309922012306418
ACH-000142	81	2297	160	196	0.869787856620337	0.292418772563177	0.934879934879935	0.312741312741313	0.241918882847564
ACH-000264	92	2327	150	165	0.88478419897586	0.357976653696498	0.939442874444893	0.3687374749499	0.305574664249728
ACH-000518	78	2300	168	188	0.869787856620337	0.293233082706767	0.93192868719611	0.3046875	0.23319289187887
ACH-000790	102	2275	134	223	0.869422092172641	0.313846153846154	0.944375259443753	0.363636363636364	0.297577517047346
ACH-000067	87	2308	163	176	0.876005852231163	0.330798479087452	0.934034803723189	0.339181286549708	0.270919965001383
ACH-000702	94	2307	160	173	0.878200438917337	0.352059925093633	0.935143899473044	0.36084452975048	0.293689030507856
ACH-000422	85	2306	165	178	0.87454279444038	0.32319391634981	0.933225414811817	0.331384015594542	0.262312634902681
ACH-000928	105	2301	136	192	0.880029261155816	0.353535353535354	0.944193680755027	0.390334572490706	0.326781541770683
ACH-000835	97	2307	146	184	0.879297732260424	0.345195729537367	0.940481043620057	0.370229007633588	0.304850467353356
ACH-000221	98	2282	155	199	0.870519385515728	0.32996632996633	0.936397209684038	0.356363636363636	0.286027061258776
ACH-000234	91	2289	155	199	0.870519385515728	0.313793103448276	0.93657937806874	0.33955223880597	0.269428449564417
ACH-000159	100	2308	139	187	0.880760790051207	0.348432055749129	0.943195749897834	0.380228136882129	0.316484640307755
ACH-000292	101	2268	158	207	0.866495976591075	0.327922077922078	0.934872217642209	0.35626102292769	0.283726046578028
ACH-000202	98	2267	142	227	0.865032918800293	0.301538461538462	0.941054379410544	0.346902654867257	0.277449671858168
ACH-000867	95	2328	164	147	0.886247256766642	0.392561983471074	0.934189406099519	0.379241516966068	0.316928767326982
ACH-000087	97	2286	145	206	0.871616678858815	0.32013201320132	0.940353763883176	0.355963302752294	0.287883057710625
ACH-000799	93	2293	145	203	0.872713972201902	0.314189189189189	0.940525020508614	0.348314606741573	0.280740526911745
ACH-000055	81	2294	176	183	0.868690563277249	0.306818181818182	0.928744939271255	0.310940499040307	0.238412035128484
ACH-000781	96	2318	147	173	0.882955376737381	0.356877323420074	0.940365111561866	0.375	0.311103868572056
ACH-000888	107	2305	128	194	0.88222384784199	0.355481727574751	0.947390053431977	0.399253731343284	0.338217483960543
ACH-000228	89	2295	167	183	0.871982443306511	0.327205882352941	0.93216896831844	0.337121212121212	0.266492939133394
ACH-000791	96	2310	143	185	0.880029261155816	0.341637010676157	0.94170403587444	0.369230769230769	0.30463317879074
ACH-000483	96	2299	154	185	0.876005852231163	0.341637010676157	0.937219730941704	0.361581920903955	0.293790184789211
ACH-000041	86	2320	151	177	0.880029261155816	0.326996197718631	0.93889113719142	0.344	0.278630371317033
ACH-000042	85	2301	165	183	0.872713972201902	0.317164179104478	0.9330900243309	0.328185328185328	0.258166278247407
ACH-000785	107	2290	130	207	0.876737381126555	0.340764331210191	0.946280991735537	0.388384754990926	0.325266650751877
ACH-000395	102	2264	133	235	0.865398683247988	0.302670623145401	0.944513975803087	0.356643356643357	0.289903405078301
ACH-000141	88	2307	150	189	0.876005852231163	0.317689530685921	0.938949938949939	0.341747572815534	0.274697775702711
ACH-000116	92	2318	145	179	0.881492318946598	0.339483394833948	0.941128704831506	0.362204724409449	0.298016150462816
ACH-000621	86	2297	172	179	0.871616678858815	0.324528301886792	0.930336168489267	0.32887189292543	0.257933413254309
ACH-000209	94	2273	145	222	0.865764447695684	0.29746835443038	0.940033085194376	0.338738738738739	0.268846081298063
ACH-000694	91	2307	145	191	0.87710314557425	0.322695035460993	0.940864600326264	0.351351351351351	0.285437788104803
ACH-000500	100	2241	139	254	0.856254572055596	0.282485875706215	0.941596638655462	0.337268128161889	0.266356839473307
ACH-000308	92	2309	167	166	0.878200438917337	0.356589147286822	0.932552504038772	0.355899419729207	0.288641216667603
ACH-000169	95	2306	143	190	0.878200438917337	0.333333333333333	0.941608819926501	0.363288718929254	0.298021353740986
ACH-000238	86	2304	162	182	0.874177029992685	0.32089552238806	0.934306569343066	0.333333333333333	0.264223694197983
ACH-000427	103	2294	135	202	0.876737381126555	0.337704918032787	0.944421572663648	0.379373848987109	0.315062543579681
ACH-000548	88	2293	149	204	0.870885149963424	0.301369863013699	0.938984438984439	0.332703213610586	0.263835184177762
ACH-000302	86	2309	161	178	0.876005852231163	0.325757575757576	0.934817813765182	0.336594911937378	0.268471053153064
ACH-000434	84	2310	159	181	0.875640087783467	0.316981132075472	0.935601458080194	0.330708661417323	0.262601313385179
ACH-000341	81	2294	166	193	0.868690563277249	0.295620437956204	0.932520325203252	0.310940499040307	0.238978788792843
ACH-000364	94	2302	146	192	0.876371616678859	0.328671328671329	0.940359477124183	0.357414448669202	0.290962413374002
ACH-000021	95	2307	163	169	0.878566203365033	0.359848484848485	0.934008097165992	0.363984674329502	0.296893500126064
ACH-000624	101	2308	149	176	0.881126554498903	0.364620938628159	0.939356939356939	0.383301707779886	0.318228184847526
ACH-000414	97	2296	149	192	0.875274323335772	0.335640138408304	0.939059304703476	0.362616822429907	0.295157205959115
ACH-000352	98	2314	140	182	0.88222384784199	0.35	0.942950285248574	0.378378378378378	0.315064485056877
ACH-000137	78	2324	178	154	0.878566203365033	0.336206896551724	0.928856914468425	0.319672131147541	0.253552238621374
ACH-000766	84	2321	152	177	0.87966349670812	0.32183908045977	0.938536190861302	0.338028169014085	0.272445619082165
ACH-000319	86	2321	163	164	0.880395025603511	0.344	0.934380032206119	0.344689378757515	0.278882338050155
ACH-000013	86	2309	162	177	0.876005852231163	0.326996197718631	0.934439498178875	0.336594911937378	0.268412495208274
ACH-000389	71	2306	180	177	0.869422092172641	0.286290322580645	0.927594529364441	0.284569138276553	0.212731209585879
ACH-000916	105	2186	138	305	0.837966349670812	0.25609756097561	0.940619621342513	0.321592649310873	0.24680973447662
ACH-000296	88	2308	152	186	0.876371616678859	0.321167883211679	0.938211382113821	0.342412451361868	0.275248046486571
ACH-000978	100	2291	137	206	0.87454279444038	0.326797385620915	0.943574958813839	0.368324125230203	0.30294506147264
ACH-000261	91	2313	148	182	0.879297732260424	0.333333333333333	0.939861844778545	0.35546875	0.289985267685792
ACH-000682	87	2300	159	188	0.873079736649598	0.316363636363636	0.93533956893046	0.333973128598848	0.264570620448831
