cellLine	TP	TN	FP	FN	accuracy	sensitivity	specificity	F1	MCC
ACH-000545	113	2317	164	178	0.876623376623377	0.388316151202749	0.933897621926642	0.397887323943662	0.329328122049146
ACH-000836	123	2308	152	189	0.876984126984127	0.394230769230769	0.938211382113821	0.419080068143101	0.351467616807328
ACH-000470	100	2318	182	172	0.872294372294372	0.367647058823529	0.9272	0.36101083032491	0.290152975496545
ACH-000762	96	2328	178	170	0.874458874458874	0.360902255639098	0.928970470869912	0.355555555555556	0.286066635838115
ACH-000495	93	2326	171	182	0.872655122655123	0.338181818181818	0.931517821385663	0.345083487940631	0.274656736000082
ACH-000834	109	2304	168	191	0.870490620490621	0.363333333333333	0.932038834951456	0.377816291161178	0.305970299885338
ACH-001020	111	2282	193	186	0.863275613275613	0.373737373737374	0.922020202020202	0.369384359400998	0.292746920037314
ACH-001450	137	2256	159	220	0.863275613275613	0.38375350140056	0.93416149068323	0.419601837672282	0.34481210877206
ACH-000652	123	2324	138	187	0.882756132756133	0.396774193548387	0.943948009748172	0.430823117338003	0.367689896753437
ACH-001033	103	2288	168	213	0.862554112554113	0.325949367088608	0.931596091205212	0.350936967632027	0.27559423395578
ACH-001196	116	2296	174	186	0.87012987012987	0.384105960264901	0.929554655870445	0.391891891891892	0.319309655922002
ACH-001184	124	2297	163	188	0.873376623376623	0.397435897435897	0.933739837398374	0.414023372287145	0.343557326344925
ACH-001239	110	2309	171	182	0.872655122655123	0.376712328767123	0.931048387096774	0.383944153577661	0.313033218062118
ACH-001563	111	2304	183	174	0.871212121212121	0.389473684210526	0.926417370325694	0.383419689119171	0.311582698358069
ACH-001028	123	2324	153	172	0.882756132756133	0.416949152542373	0.938231731933791	0.430823117338003	0.365802579922403
ACH-000608	109	2338	154	171	0.882756132756133	0.389285714285714	0.938202247191011	0.401473296500921	0.336759743168983
ACH-001050	100	2289	196	187	0.861832611832612	0.348432055749129	0.92112676056338	0.343053173241852	0.265911126477017
ACH-001431	118	2328	158	168	0.882395382395382	0.412587412587413	0.936444086886565	0.419928825622776	0.354585825043331
ACH-001054	115	2311	164	182	0.875180375180375	0.387205387205387	0.933737373737374	0.399305555555556	0.329936353157861
ACH-001735	125	2313	163	171	0.879509379509379	0.422297297297297	0.934168012924071	0.428082191780822	0.360799900011143
ACH-001163	138	2276	160	198	0.870851370851371	0.410714285714286	0.93431855500821	0.435331230283912	0.363547141989278
ACH-000958	112	2333	158	169	0.882034632034632	0.398576512455516	0.936571657968687	0.406533575317604	0.341154686695288
ACH-000820	108	2245	187	232	0.848845598845599	0.317647058823529	0.923108552631579	0.340157480314961	0.256108298506743
ACH-001300	108	2326	166	172	0.878066378066378	0.385714285714286	0.93338683788122	0.389891696750903	0.322188377384572
ACH-000318	120	2329	143	180	0.883477633477634	0.4	0.942152103559871	0.426287744227353	0.362723647541006
ACH-000899	117	2303	161	191	0.873015873015873	0.37987012987013	0.934659090909091	0.399317406143345	0.329068329460281
ACH-001232	93	2345	179	155	0.879509379509379	0.375	0.929080824088748	0.357692307692308	0.291746122654441
ACH-001430	112	2298	175	187	0.869408369408369	0.374581939799331	0.92923574605742	0.382252559726962	0.30935458622852
ACH-000437	98	2316	196	162	0.870851370851371	0.376923076923077	0.921974522292994	0.353790613718412	0.283005321607029
ACH-001134	117	2319	161	175	0.878787878787879	0.400684931506849	0.93508064516129	0.410526315789474	0.343149059554567
ACH-001555	99	2315	169	189	0.870851370851371	0.34375	0.931964573268921	0.356115107913669	0.284673605756336
ACH-001031	112	2317	159	184	0.876262626262626	0.378378378378378	0.93578352180937	0.395061728395062	0.326688013041969
ACH-001414	96	2305	188	183	0.866161616161616	0.344086021505376	0.924588848776574	0.341030195381883	0.266566721556252
ACH-000502	124	2295	177	176	0.872655122655123	0.413333333333333	0.928398058252427	0.412645590682196	0.341232285660318
ACH-000677	122	2311	149	190	0.877705627705628	0.391025641025641	0.939430894308943	0.41852487135506	0.351655734941905
ACH-001736	137	2289	147	199	0.875180375180375	0.407738095238095	0.939655172413793	0.441935483870968	0.373891266090445
ACH-001407	114	2302	161	195	0.871572871572872	0.368932038834951	0.934632561916362	0.39041095890411	0.319585417001135
ACH-001328	109	2294	168	201	0.866883116883117	0.351612903225806	0.931762794476036	0.371379897785349	0.297791511515152
ACH-001391	108	2333	171	160	0.880591630591631	0.402985074626866	0.931709265175719	0.394881170018282	0.328752970933478
ACH-001433	124	2282	166	200	0.867965367965368	0.382716049382716	0.93218954248366	0.403908794788274	0.330566391423475
ACH-000469	109	2311	161	191	0.873015873015873	0.363333333333333	0.934870550161812	0.382456140350877	0.312444310524014
ACH-001061	136	2328	137	171	0.888888888888889	0.44299674267101	0.944421906693712	0.468965517241379	0.408031527071244
ACH-001301	96	2320	193	163	0.871572871572872	0.370656370656371	0.923199363310784	0.35036496350365	0.279861407922489
ACH-001278	125	2272	173	202	0.864718614718615	0.382262996941896	0.929243353783231	0.4	0.32439356721607
ACH-001322	114	2321	168	169	0.878427128427128	0.402826855123675	0.932503013258337	0.40353982300885	0.335856437357576
ACH-001650	108	2319	179	166	0.875541125541126	0.394160583941606	0.928342674139311	0.385026737967914	0.315937705655828
ACH-001302	103	2298	184	187	0.866161616161616	0.355172413793103	0.925866236905721	0.357019064124783	0.282333098457324
ACH-001645	98	2319	201	154	0.871933621933622	0.388888888888889	0.920238095238095	0.355716878402904	0.286477029850813
ACH-001568	119	2312	162	179	0.876984126984127	0.399328859060403	0.934518997574778	0.411053540587219	0.342623027495749
ACH-001750	106	2334	170	162	0.88023088023088	0.395522388059701	0.932108626198083	0.389705882352941	0.323364793434055
ACH-001277	112	2304	179	177	0.871572871572872	0.387543252595156	0.92790978654853	0.386206896551724	0.314493823381437
ACH-000484	100	2328	165	179	0.875901875901876	0.3584229390681	0.9338146811071	0.367647058823529	0.299019326869827
ACH-001275	108	2312	158	194	0.873015873015873	0.357615894039735	0.936032388663968	0.380281690140845	0.310633336781866
ACH-000516	96	2339	179	158	0.878427128427128	0.377952755905512	0.928911834789515	0.362948960302457	0.296152825801759
ACH-001183	87	2329	187	169	0.871572871572872	0.33984375	0.925675675675676	0.328301886792453	0.257572861408525
ACH-001303	110	2312	168	182	0.873737373737374	0.376712328767123	0.932258064516129	0.385964912280702	0.315764650258185
ACH-000206	115	2301	167	189	0.871572871572872	0.378289473684211	0.932333873581848	0.392491467576792	0.321084423202228
ACH-001067	105	2302	181	184	0.868326118326118	0.363321799307958	0.927104309303262	0.365217391304348	0.291769141993517
ACH-001458	130	2282	152	208	0.87012987012987	0.384615384615385	0.937551355792933	0.419354838709677	0.348718599982604
ACH-001336	98	2330	173	171	0.875901875901876	0.364312267657993	0.930882940471434	0.362962962962963	0.294221480750245
ACH-001283	108	2313	178	173	0.873376623376623	0.384341637010676	0.928542753914091	0.380952380952381	0.310449055390451
ACH-001280	115	2295	157	205	0.869408369408369	0.359375	0.935970636215334	0.388513513513513	0.317257081079232
ACH-000917	122	2330	134	186	0.884559884559885	0.396103896103896	0.945616883116883	0.432624113475177	0.370929861151511
ACH-001715	109	2318	167	178	0.875541125541126	0.379790940766551	0.932796780684105	0.387211367673179	0.318052803573612
ACH-001554	114	2312	162	184	0.875180375180375	0.38255033557047	0.934518997574778	0.397212543554007	0.328008718437989
ACH-001521	103	2307	176	186	0.869408369408369	0.356401384083045	0.929118002416432	0.362676056338028	0.290007775475184
ACH-000649	101	2318	172	181	0.872655122655123	0.358156028368794	0.930923694779117	0.363963963963964	0.293276595570033
ACH-001536	100	2316	170	186	0.871572871572872	0.34965034965035	0.931617055510861	0.359712230215827	0.288554233606975
ACH-001289	113	2326	154	179	0.87987012987013	0.386986301369863	0.937903225806452	0.404293381037567	0.338059762816009
ACH-001295	98	2322	206	146	0.873015873015873	0.401639344262295	0.918512658227848	0.357664233576642	0.290288814035867
ACH-001380	131	2265	176	200	0.864357864357864	0.395770392749245	0.927898402294142	0.410658307210031	0.334442197278674
ACH-001368	129	2320	140	183	0.883477633477634	0.413461538461538	0.943089430894309	0.444061962134251	0.380679865554143
ACH-000765	133	2300	157	182	0.877705627705628	0.422222222222222	0.936100936100936	0.439669421487603	0.371563328781868
ACH-001038	128	2303	159	182	0.876984126984127	0.412903225806452	0.935418359057677	0.428810720268007	0.360330574449834
ACH-001353	96	2308	186	182	0.867243867243867	0.345323741007194	0.92542101042502	0.342857142857143	0.26903354923427
ACH-001524	87	2348	185	152	0.878427128427128	0.364016736401674	0.926964074220292	0.340508806262231	0.274553154812568
ACH-001375	93	2324	195	160	0.871933621933622	0.367588932806324	0.922588328701866	0.343807763401109	0.273883382306855
ACH-001228	105	2339	165	163	0.881673881673882	0.391791044776119	0.934105431309904	0.390334572490706	0.324816953697224
ACH-001197	127	2306	161	178	0.877705627705628	0.416393442622951	0.934738548844751	0.428330522765599	0.360108070351107
ACH-000778	111	2309	163	189	0.873015873015873	0.37	0.934061488673139	0.386759581881533	0.316500776318916
ACH-000910	138	2302	134	198	0.88023088023088	0.410714285714286	0.944991789819376	0.453947368421053	0.39025197300472
ACH-001329	81	2351	201	139	0.877344877344877	0.368181818181818	0.921238244514107	0.322709163346614	0.258795118953614
ACH-001001	121	2309	150	192	0.876623376623377	0.386581469648562	0.938999593330622	0.414383561643836	0.346951746969682
ACH-000452	105	2348	164	155	0.884920634920635	0.403846153846154	0.934713375796178	0.396975425330813	0.333445583366175
ACH-000097	130	2294	170	178	0.874458874458874	0.422077922077922	0.931006493506494	0.427631578947368	0.357181863334556
ACH-000688	120	2301	160	191	0.873376623376623	0.385852090032154	0.934985778138968	0.406091370558376	0.336022677988886
ACH-001390	110	2259	168	235	0.854617604617605	0.318840579710145	0.930778739184178	0.353130016051364	0.274316548026971
ACH-001654	106	2332	181	153	0.879509379509379	0.409266409266409	0.927974532431357	0.388278388278388	0.322167906338502
ACH-001377	106	2343	156	167	0.883477633477634	0.388278388278388	0.937575030012005	0.396261682242991	0.331893866360188
ACH-000160	128	2304	162	178	0.877344877344877	0.418300653594771	0.934306569343066	0.429530201342282	0.361034384966723
ACH-000976	124	2302	157	189	0.875180375180375	0.396166134185303	0.936152907686051	0.417508417508417	0.34847099584913
ACH-000332	94	2338	191	149	0.877344877344877	0.386831275720165	0.924476077500988	0.356060606060606	0.289872227525417
ACH-001274	129	2298	154	191	0.875541125541126	0.403125	0.937194127243067	0.427860696517413	0.35918311689103
ACH-000935	119	2288	170	195	0.868326118326118	0.378980891719745	0.930838079739626	0.39469320066335	0.32131166306659
ACH-001413	101	2328	175	168	0.876262626262626	0.37546468401487	0.930083899320815	0.370642201834862	0.302071677764232
ACH-000428	NaN	NaN	NaN	NaN	NaN	NaN	NaN	NaN	NaN
ACH-000485	118	2312	173	169	0.876623376623377	0.411149825783972	0.930382293762575	0.408304498269896	0.339450006742481
ACH-001374	106	2273	167	226	0.858225108225108	0.319277108433735	0.93155737704918	0.350413223140496	0.273329651621943
ACH-001193	109	2304	161	198	0.870490620490621	0.355048859934853	0.934685598377282	0.377816291161178	0.306656563135101
ACH-000948	132	2322	130	188	0.885281385281385	0.4125	0.946982055464927	0.45360824742268	0.392667476972802
ACH-001212	100	2274	207	191	0.856421356421356	0.343642611683849	0.916565900846433	0.334448160535117	0.254157966554569
ACH-001647	126	2300	160	186	0.875180375180375	0.403846153846154	0.934959349593496	0.421404682274247	0.352015452396176
ACH-000362	131	2300	152	189	0.876984126984127	0.409375	0.938009787928222	0.434494195688226	0.366640429232971
ACH-001566	110	2315	183	164	0.874819624819625	0.401459854014599	0.926741393114492	0.388007054673721	0.318595510667484
ACH-000915	129	2299	157	187	0.875901875901876	0.408227848101266	0.936074918566775	0.428571428571429	0.359720059310434
ACH-001765	122	2323	156	171	0.882034632034632	0.416382252559727	0.937071399757967	0.427320490367776	0.361771145248789
ACH-000796	119	2318	152	183	0.879148629148629	0.394039735099338	0.938461538461538	0.415357766143106	0.348821921349842
ACH-001333	109	2310	172	181	0.872655122655123	0.375862068965517	0.930701047542305	0.381786339754816	0.310870682207325
ACH-001409	113	2248	169	242	0.851731601731602	0.31830985915493	0.930078609846918	0.354788069073783	0.274574185916773
ACH-001412	115	2325	166	166	0.88023088023088	0.409252669039146	0.933360096346849	0.409252669039146	0.342612765385995
ACH-000714	112	2324	162	174	0.878787878787879	0.391608391608392	0.934835076427997	0.4	0.332713224501667
ACH-000421	107	2327	188	150	0.878066378066378	0.416342412451362	0.925248508946322	0.38768115942029	0.321268292318149
ACH-000739	109	2319	152	192	0.875901875901876	0.362126245847176	0.938486442735735	0.387900355871886	0.320245708241437
ACH-001332	122	2262	173	215	0.86002886002886	0.362017804154303	0.928952772073922	0.386075949367089	0.308346835735911
ACH-001048	122	2306	168	176	0.875901875901876	0.409395973154362	0.932093775262732	0.414965986394558	0.345609572461246
ACH-000459	135	2249	168	220	0.86002886002886	0.380281690140845	0.930492345883326	0.410334346504559	0.332824563058417
ACH-000244	100	2297	174	201	0.864718614718615	0.332225913621262	0.929583164710644	0.347826086956522	0.272918404610346
ACH-000858	121	2320	152	179	0.880591630591631	0.403333333333333	0.938511326860841	0.422338568935428	0.356409448977015
ACH-000542	112	2307	186	167	0.872655122655123	0.401433691756272	0.925391095066185	0.388214904679376	0.317446284112879
ACH-001529	123	2299	145	205	0.873737373737374	0.375	0.940671031096563	0.412751677852349	0.345014773711354
ACH-000272	124	2317	153	178	0.880591630591631	0.410596026490066	0.938056680161943	0.42832469775475	0.36221783434664
ACH-000684	117	2257	195	203	0.856421356421356	0.365625	0.92047308319739	0.370253164556962	0.289271281556855
ACH-000365	132	2268	155	217	0.865800865800866	0.378223495702006	0.936029715229055	0.415094339622642	0.342188176538711
ACH-001500	124	2306	148	194	0.876623376623377	0.389937106918239	0.939690301548492	0.420338983050847	0.353117872202325
ACH-000809	121	2325	150	176	0.882395382395382	0.407407407407407	0.939393939393939	0.426056338028169	0.361164545586155
ACH-000896	127	2298	171	176	0.874819624819625	0.419141914191419	0.930741190765492	0.422628951747088	0.352449461576236
ACH-000793	132	2303	136	201	0.878427128427128	0.396396396396396	0.944239442394424	0.439267886855241	0.374743230563887
ACH-000334	124	2279	167	202	0.866883116883117	0.380368098159509	0.931725265739984	0.40194489465154	0.327990816556233
ACH-000769	125	2301	146	200	0.875180375180375	0.384615384615385	0.940335104209236	0.419463087248322	0.351993276883869
ACH-000855	124	2302	154	192	0.875180375180375	0.392405063291139	0.937296416938111	0.417508417508417	0.348825316515458
ACH-001550	123	2302	163	184	0.874819624819625	0.400651465798046	0.933874239350913	0.414839797639123	0.345122731996546
ACH-001454	113	2326	153	180	0.87987012987013	0.385665529010239	0.938281565147237	0.404293381037567	0.338154219194217
ACH-000905	112	2306	179	175	0.872294372294372	0.390243902439024	0.927967806841046	0.387543252595156	0.316271766778687
ACH-000760	116	2330	178	148	0.882395382395382	0.439393939393939	0.92902711323764	0.415770609318996	0.351225348703017
ACH-000943	140	2287	131	214	0.875541125541126	0.395480225988701	0.945822994210091	0.448	0.383555905501905
ACH-000681	107	2337	158	170	0.881673881673882	0.386281588447653	0.936673346693387	0.394833948339483	0.329394983662378
ACH-000335	117	2296	172	187	0.870490620490621	0.384868421052632	0.93030794165316	0.39460370994941	0.322274339927455
ACH-001532	110	2298	165	199	0.868686868686869	0.355987055016181	0.933008526187576	0.376712328767123	0.304247508114921
ACH-001496	137	2313	153	169	0.883838383838384	0.447712418300654	0.937956204379562	0.459731543624161	0.394885938042348
ACH-001415	127	2301	143	201	0.875901875901876	0.38719512195122	0.941489361702128	0.424749163879599	0.358047949180007
ACH-001205	108	2320	166	178	0.875901875901876	0.377622377622378	0.933226065969429	0.385714285714286	0.316818678042061
ACH-000336	122	2279	169	202	0.866161616161616	0.376543209876543	0.930964052287582	0.396747967479675	0.322309949303438
ACH-000552	117	2321	151	183	0.879509379509379	0.39	0.938915857605178	0.411971830985915	0.34576825117271
ACH-000601	126	2315	145	186	0.880591630591631	0.403846153846154	0.941056910569106	0.432246998284734	0.367029026912303
ACH-000406	139	2281	143	209	0.873015873015873	0.399425287356322	0.941006600660066	0.441269841269841	0.373131518372421
ACH-001523	119	2303	171	179	0.873737373737374	0.399328859060403	0.93088116410671	0.404761904761905	0.334193765576275
ACH-000576	106	2288	181	197	0.863636363636364	0.34983498349835	0.92669096800324	0.359322033898305	0.283213277341557
ACH-000411	119	2311	170	172	0.876623376623377	0.40893470790378	0.931479242241032	0.410344827586207	0.341452223084984
ACH-000711	124	2313	170	165	0.879148629148629	0.429065743944637	0.931534434152235	0.425385934819897	0.357881213940501
ACH-000633	124	2306	137	205	0.876623376623377	0.376899696048632	0.943921408104789	0.420338983050847	0.355286742081266
ACH-000721	124	2297	161	190	0.873376623376623	0.394904458598726	0.934499593165175	0.414023372287145	0.343735492373512
ACH-000878	118	2336	154	164	0.885281385281385	0.418439716312057	0.938152610441767	0.425992779783394	0.362361263269746
ACH-000528	118	2325	146	183	0.881313131313131	0.39202657807309	0.94091460946985	0.417699115044248	0.352875425829593
ACH-001522	109	2328	167	168	0.879148629148629	0.393501805054152	0.933066132264529	0.394213381555154	0.327093467765701
ACH-000361	114	2272	210	176	0.860750360750361	0.393103448275862	0.91539081385979	0.371335504885993	0.293879144176996
ACH-000773	110	2301	185	176	0.86976911976912	0.384615384615385	0.925583266291231	0.378657487091222	0.3059845315411
ACH-000450	124	2282	155	211	0.867965367965368	0.370149253731343	0.936397209684038	0.403908794788274	0.33211098242372
ACH-000604	120	2295	155	202	0.871212121212121	0.372670807453416	0.936734693877551	0.402010050251256	0.331637315698253
ACH-000367	NaN	NaN	NaN	NaN	NaN	NaN	NaN	NaN	NaN
ACH-000827	105	2321	203	143	0.875180375180375	0.423387096774194	0.919572107765452	0.377697841726619	0.311470750203284
ACH-001838	100	2335	167	170	0.878427128427128	0.37037037037037	0.933253397282174	0.37243947858473	0.305141870483665
ACH-000630	108	2314	154	196	0.873737373737374	0.355263157894737	0.937601296596434	0.381625441696113	0.312815689165798
ACH-000148	106	2339	159	168	0.882034632034632	0.386861313868613	0.936349079263411	0.393320964749536	0.328062592037892
ACH-001192	111	2331	171	159	0.880952380952381	0.411111111111111	0.931654676258993	0.402173913043478	0.336200824400892
ACH-000005	126	2297	148	201	0.874098124098124	0.385321100917431	0.939468302658487	0.419301164725458	0.35102953708451
ACH-001354	102	2316	163	191	0.872294372294372	0.348122866894198	0.934247680516337	0.365591397849462	0.295250991948503
ACH-001745	119	2325	150	178	0.881673881673882	0.400673400673401	0.939393939393939	0.420494699646643	0.355323708318356
ACH-000658	133	2286	145	208	0.872655122655123	0.390029325513196	0.940353763883176	0.429725363489499	0.361257486814211
ACH-001737	116	2240	168	248	0.84992784992785	0.318681318681319	0.930232558139535	0.358024691358025	0.277232208109368
ACH-000307	124	2321	157	170	0.882034632034632	0.421768707482993	0.936642453591606	0.431304347826087	0.3656502021153
ACH-000764	120	2293	155	204	0.870490620490621	0.37037037037037	0.936683006535948	0.400667779632721	0.330001923871672
ACH-000938	145	2267	146	214	0.87012987012987	0.403899721448468	0.9394944053046	0.446153846153846	0.376148099210688
ACH-000646	123	2256	148	245	0.858225108225108	0.334239130434783	0.938435940099834	0.384976525821596	0.311526563141575
ACH-000511	103	2340	172	157	0.881313131313131	0.396153846153846	0.931528662420382	0.385046728971963	0.319575982764091
ACH-001346	97	2339	173	163	0.878787878787879	0.373076923076923	0.931130573248408	0.366037735849057	0.299116843072612
ACH-000753	135	2286	146	205	0.873376623376623	0.397058823529412	0.939967105263158	0.434782608695652	0.366306423381518
ACH-000653	128	2300	172	172	0.875901875901876	0.426666666666667	0.93042071197411	0.426666666666667	0.357087378640777
ACH-001814	117	2265	175	215	0.859307359307359	0.352409638554217	0.92827868852459	0.375	0.296873232281127
ACH-000045	129	2289	149	205	0.872294372294372	0.38622754491018	0.938884331419196	0.42156862745098	0.352332167920762
ACH-000263	122	2269	163	218	0.862554112554113	0.358823529411765	0.932976973684211	0.3904	0.315171513677703
ACH-000983	137	2318	133	184	0.885642135642136	0.426791277258567	0.945736434108527	0.463620981387479	0.402028851643388
ACH-000914	139	2259	170	204	0.865079365079365	0.405247813411079	0.93001235076163	0.426380368098159	0.350777174175291
ACH-000768	134	2302	132	204	0.878787878787879	0.396449704142012	0.945768282662284	0.443708609271523	0.380180745135275
ACH-000547	110	2286	163	213	0.864357864357864	0.340557275541796	0.933442221314822	0.369127516778524	0.295040046264015
ACH-000311	118	2319	153	182	0.879148629148629	0.393333333333333	0.938106796116505	0.413309982486865	0.346695703160051
ACH-000738	116	2300	181	175	0.871572871572872	0.398625429553265	0.927045546150746	0.394557823129252	0.322755094172678
ACH-001211	117	2303	173	179	0.873015873015873	0.39527027027027	0.930129240710824	0.399317406143345	0.328350879655634
ACH-000120	94	2344	172	162	0.879509379509379	0.3671875	0.931637519872814	0.360153256704981	0.293738522777206
ACH-000887	114	2330	164	164	0.881673881673882	0.410071942446043	0.934242181234964	0.410071942446043	0.344314123681007
ACH-000433	104	2309	171	188	0.870490620490621	0.356164383561644	0.931048387096774	0.3668430335097	0.294947958527665
ACH-000881	113	2308	169	182	0.873376623376623	0.383050847457627	0.931772305207913	0.391681109185442	0.321156301048357
ACH-000833	121	2302	159	190	0.874098124098124	0.389067524115756	0.935392117025599	0.409475465313029	0.339815864433687
ACH-000953	126	2309	151	186	0.878427128427128	0.403846153846154	0.938617886178862	0.427843803056027	0.360898159088153
ACH-000053	122	2325	152	173	0.882756132756133	0.413559322033898	0.938635446104158	0.428822495606327	0.363902813288122
ACH-000153	109	2270	166	227	0.858225108225108	0.324404761904762	0.931855500821018	0.356792144026187	0.279778237304057
ACH-000481	107	2332	159	174	0.87987012987013	0.380782918149466	0.936170212765957	0.391224862888483	0.324790799467401
ACH-000262	119	2292	162	199	0.86976911976912	0.374213836477987	0.93398533007335	0.397328881469115	0.325418527364778
ACH-000331	103	2315	170	184	0.872294372294372	0.358885017421603	0.93158953722334	0.367857142857143	0.296994076751786
ACH-000832	123	2296	145	208	0.872655122655123	0.371601208459215	0.940598115526424	0.410684474123539	0.342566811678932
ACH-000851	139	2279	127	227	0.872294372294372	0.379781420765027	0.947215295095594	0.439873417721519	0.37583774479601
ACH-000402	120	2258	164	230	0.857864357864358	0.342857142857143	0.932287365813377	0.378548895899054	0.301368310305249
ACH-000255	105	2317	176	174	0.873737373737374	0.376344086021505	0.92940232651424	0.375	0.304778682343142
ACH-000926	106	2335	155	176	0.880591630591631	0.375886524822695	0.937751004016064	0.390423572744015	0.324644942109925
ACH-001408	97	2336	164	175	0.877705627705628	0.356617647058824	0.9344	0.363977485928705	0.296435472328435
ACH-000763	123	2305	149	195	0.875901875901876	0.386792452830189	0.939282803585982	0.416949152542373	0.349312580707702
ACH-000872	113	2293	185	181	0.867965367965368	0.384353741496599	0.925343018563358	0.381756756756757	0.307859811046027
ACH-000403	115	2326	164	167	0.880591630591631	0.407801418439716	0.934136546184739	0.409982174688057	0.343564521021823
ACH-001740	111	2307	166	188	0.872294372294372	0.37123745819398	0.932875050545896	0.385416666666667	0.314562376128517
ACH-000673	93	2342	185	152	0.878427128427128	0.379591836734694	0.926790660862683	0.355640535372849	0.289520281777379
ACH-000096	101	2291	205	175	0.862914862914863	0.365942028985507	0.91786858974359	0.347079037800687	0.271174109491301
ACH-001369	104	2275	181	212	0.858225108225108	0.329113924050633	0.926302931596091	0.346089850249584	0.267267994002284
ACH-000906	115	2300	175	182	0.871212121212121	0.387205387205387	0.929292929292929	0.391822827938671	0.319843362888222
ACH-000732	110	2301	164	197	0.86976911976912	0.358306188925081	0.933468559837728	0.378657487091222	0.306798940080025
ACH-000315	119	2287	178	188	0.867965367965368	0.387622149837134	0.927789046653144	0.394039735099338	0.32002870130926
ACH-000113	125	2305	147	195	0.876623376623377	0.390625	0.940048939641109	0.422297297297297	0.355206361684722
ACH-000932	139	2298	148	187	0.879148629148629	0.426380368098159	0.939493049877351	0.453507340946166	0.386868829113462
ACH-000496	108	2324	156	184	0.877344877344877	0.36986301369863	0.937096774193548	0.388489208633094	0.321020689141593
ACH-001053	109	2311	168	184	0.873015873015873	0.372013651877133	0.932230738200887	0.382456140350877	0.311902957729311
ACH-000988	110	2346	162	154	0.886002886002886	0.416666666666667	0.935406698564593	0.41044776119403	0.347411703373486
ACH-000222	127	2289	160	196	0.871572871572872	0.393188854489164	0.934667211106574	0.416393442622951	0.345282630540122
ACH-000713	131	2302	145	194	0.877705627705628	0.403076923076923	0.940743767879036	0.435940099833611	0.369414418618566
ACH-000339	132	2298	153	189	0.876623376623377	0.411214953271028	0.937576499388005	0.435643564356436	0.367476594443769
ACH-000663	112	2298	160	202	0.869408369408369	0.356687898089172	0.934906427990236	0.382252559726962	0.31065645071016
ACH-000557	117	2319	177	159	0.878787878787879	0.423913043478261	0.929086538461538	0.410526315789474	0.343262772850697
ACH-000018	111	2315	161	185	0.875180375180375	0.375	0.934975767366721	0.390845070422535	0.321806241554584
ACH-000605	110	2341	145	176	0.884199134199134	0.384615384615385	0.941673370876911	0.406654343807763	0.343418738200156
ACH-001306	92	2345	178	157	0.879148629148629	0.369477911646586	0.929449068569164	0.354527938342967	0.288268958431488
ACH-000251	121	2288	156	207	0.869047619047619	0.36890243902439	0.936170212765957	0.4	0.328560719000468
ACH-000190	122	2308	143	199	0.876623376623377	0.38006230529595	0.941656466748266	0.416382252559727	0.350106738957178
ACH-000326	132	2323	136	181	0.885642135642136	0.421725239616613	0.944692964619764	0.454388984509466	0.392413478362564
ACH-000880	120	2293	151	208	0.870490620490621	0.365853658536585	0.938216039279869	0.400667779632721	0.330688562188457
ACH-000654	118	2304	174	176	0.873737373737374	0.401360544217687	0.929782082324455	0.402730375426621	0.332140732614434
ACH-000187	135	2299	139	199	0.878066378066378	0.404191616766467	0.94298605414274	0.444078947368421	0.37867825827751
ACH-000829	125	2295	166	186	0.873015873015873	0.401929260450161	0.932547744819179	0.415282392026578	0.34438354389898
ACH-000960	133	2294	168	177	0.875541125541126	0.429032258064516	0.931762794476036	0.435351882160393	0.365481858191418
ACH-000036	98	2328	175	171	0.875180375180375	0.364312267657993	0.930083899320815	0.361623616236162	0.292465245118263
ACH-000591	106	2327	180	159	0.877705627705628	0.4	0.928201037096131	0.38475499092559	0.317253538193232
ACH-000294	117	2294	160	201	0.86976911976912	0.367924528301887	0.93480032599837	0.39327731092437	0.321679776624288
ACH-000794	110	2292	170	200	0.866522366522366	0.354838709677419	0.930950446791227	0.372881355932203	0.298894265683061
ACH-000596	108	2306	170	188	0.870851370851371	0.364864864864865	0.931340872374798	0.376306620209059	0.304539772755819
ACH-000232	103	2320	181	168	0.874098124098124	0.380073800738007	0.927628948420632	0.371171171171171	0.301362014090549
ACH-000488	120	2322	141	189	0.880952380952381	0.388349514563107	0.942752740560292	0.421052631578947	0.356804213510716
ACH-000320	118	2311	136	207	0.876262626262626	0.363076923076923	0.944421740907233	0.407599309153713	0.342891861391172
ACH-000993	92	2338	181	161	0.876623376623377	0.363636363636364	0.928146089718142	0.349809885931559	0.282012958320207
ACH-000288	111	2318	156	187	0.876262626262626	0.37248322147651	0.936944219886823	0.392920353982301	0.324868280745774
ACH-000804	124	2296	146	206	0.873015873015873	0.375757575757576	0.94021294021294	0.413333333333333	0.345104660535215
ACH-000463	96	2360	168	148	0.886002886002886	0.39344262295082	0.933544303797468	0.377952755905512	0.315608076179109
ACH-000295	126	2285	160	201	0.86976911976912	0.385321100917431	0.934560327198364	0.411092985318108	0.339210084915257
ACH-000606	111	2311	165	185	0.873737373737374	0.375	0.933360258481422	0.388111888111888	0.318055379280024
ACH-000592	97	2342	175	158	0.87987012987013	0.380392156862745	0.930472785061581	0.368121442125237	0.302015330426311
ACH-000471	101	2329	167	175	0.876623376623377	0.365942028985507	0.933092948717949	0.371323529411765	0.302980210068902
ACH-000825	NaN	NaN	NaN	NaN	NaN	NaN	NaN	NaN	NaN
ACH-000330	126	2309	140	197	0.878427128427128	0.390092879256966	0.942833809718252	0.427843803056027	0.362671070096456
ACH-000323	101	2326	185	160	0.875541125541126	0.386973180076628	0.926324173636002	0.369287020109689	0.30079233004224
ACH-000127	136	2271	169	196	0.868326118326118	0.409638554216867	0.930737704918033	0.427001569858713	0.353173997860548
ACH-000007	126	2304	156	186	0.876623376623377	0.403846153846154	0.936585365853659	0.424242424242424	0.355918355705753
ACH-000178	113	2344	148	167	0.886363636363636	0.403571428571429	0.940609951845907	0.417744916820702	0.355137715547505
ACH-000968	129	2288	150	205	0.871933621933622	0.38622754491018	0.938474159146842	0.420880913539967	0.351326905957871
ACH-001340	95	2327	184	166	0.873737373737374	0.363984674329502	0.926722421346077	0.351851851851852	0.282186349566809
ACH-000338	NaN	NaN	NaN	NaN	NaN	NaN	NaN	NaN	NaN
ACH-000571	109	2314	166	183	0.874098124098124	0.373287671232877	0.933064516129032	0.384479717813051	0.314602836237886
ACH-000853	126	2275	163	208	0.866161616161616	0.377245508982036	0.933141919606235	0.404494382022472	0.330641167591739
ACH-000478	94	2317	182	179	0.86976911976912	0.344322344322344	0.927170868347339	0.342440801457195	0.270175893714435
ACH-000317	129	2277	136	230	0.867965367965368	0.35933147632312	0.943638624119354	0.413461538461538	0.345959732150517
ACH-000246	108	2323	164	177	0.876984126984127	0.378947368421053	0.9340570969039	0.387791741472172	0.319562933733516
ACH-000810	113	2288	159	212	0.866161616161616	0.347692307692308	0.935022476501839	0.3785594639866	0.305740329121922
ACH-000957	132	2277	160	203	0.869047619047619	0.394029850746269	0.93434550677062	0.421052631578947	0.348661071589776
ACH-000444	108	2321	174	169	0.876262626262626	0.389891696750903	0.930260521042084	0.386404293381038	0.317619711157217
ACH-000344	124	2301	142	205	0.874819624819625	0.376899696048632	0.941874744167008	0.416806722689076	0.350035282873364
ACH-000847	110	2302	167	193	0.87012987012987	0.363036303630363	0.932361279870393	0.379310344827586	0.307336143905025
ACH-000383	133	2310	153	176	0.881313131313131	0.43042071197411	0.937880633373934	0.447058823529412	0.381049303538523
ACH-000448	118	2328	149	177	0.882395382395382	0.4	0.93984658861526	0.419928825622776	0.355220016675821
ACH-000108	112	2323	158	179	0.878427128427128	0.384879725085911	0.936316001612253	0.399286987522282	0.332050470926541
ACH-001164	112	2296	172	192	0.868686868686869	0.368421052631579	0.93030794165316	0.380952380952381	0.307823936861333
ACH-000188	102	2300	190	180	0.866522366522366	0.361702127659574	0.923694779116466	0.355400696864112	0.281032290702268
ACH-000544	116	2303	152	201	0.872655122655123	0.365930599369085	0.938085539714868	0.396581196581197	0.327391544951626
ACH-001552	104	2331	170	167	0.878427128427128	0.383763837638376	0.93202718912435	0.381651376146789	0.314246014387853
ACH-000522	128	2304	154	186	0.877344877344877	0.407643312101911	0.937347436940602	0.429530201342282	0.361692068426605
ACH-000167	107	2302	187	176	0.869047619047619	0.378091872791519	0.924869425472077	0.370883882149047	0.297898627986191
ACH-000512	141	2239	154	238	0.858585858585859	0.372031662269129	0.935645633096532	0.41839762611276	0.342777567300686
ACH-000047	134	2286	157	195	0.873015873015873	0.407294832826748	0.935734752353664	0.432258064516129	0.361935667953185
ACH-000824	95	2364	169	144	0.887085137085137	0.397489539748954	0.933280694828267	0.377733598409543	0.316284010550129
ACH-000746	136	2298	151	187	0.878066378066378	0.421052631578947	0.938342180481829	0.445901639344262	0.378497759025236
ACH-000748	89	2336	205	142	0.874819624819625	0.385281385281385	0.919323101141283	0.339047619047619	0.273413718768501
ACH-000865	104	2340	179	149	0.881673881673882	0.411067193675889	0.92894005557761	0.388059701492537	0.323412539789757
ACH-000086	115	2305	183	169	0.873015873015873	0.404929577464789	0.926446945337621	0.395189003436426	0.324412899712288
ACH-000657	115	2316	168	173	0.876984126984127	0.399305555555556	0.932367149758454	0.402802101576182	0.334253610223277
ACH-000259	116	2322	162	172	0.879509379509379	0.402777777777778	0.934782608695652	0.409893992932862	0.342888478531539
ACH-000693	127	2282	178	185	0.869047619047619	0.407051282051282	0.927642276422764	0.411669367909238	0.33803191840015
ACH-000913	110	2325	154	183	0.878427128427128	0.37542662116041	0.937878176684147	0.394973070017953	0.328150741257796
ACH-000123	117	2303	173	179	0.873015873015873	0.39527027027027	0.930129240710824	0.399317406143345	0.328350879655634
ACH-000329	118	2305	159	190	0.874098124098124	0.383116883116883	0.935470779220779	0.403418803418803	0.333848557248399
ACH-000577	118	2264	156	234	0.859307359307359	0.335227272727273	0.935537190082645	0.376996805111821	0.302064146627897
ACH-000487	131	2298	154	189	0.876262626262626	0.409375	0.937194127243067	0.433057851239669	0.364640389817406
ACH-000859	116	2306	150	200	0.873737373737374	0.367088607594937	0.938925081433225	0.398625429553265	0.330192515824457
ACH-000801	119	2300	169	184	0.872655122655123	0.392739273927393	0.931551235317942	0.402707275803723	0.331622552916526
ACH-000911	127	2300	160	185	0.875541125541126	0.407051282051282	0.934959349593496	0.424040066777963	0.354797304966256
ACH-000324	106	2308	181	177	0.870851370851371	0.374558303886926	0.927280032141422	0.371929824561403	0.299968684959797
ACH-000310	112	2328	171	161	0.88023088023088	0.41025641025641	0.931572629051621	0.402877697841727	0.336409103753044
ACH-000620	116	2292	166	198	0.868686868686869	0.369426751592357	0.93246541903987	0.389261744966443	0.31650704820584
ACH-000215	104	2326	187	155	0.876623376623377	0.401544401544402	0.92558694787107	0.378181818181818	0.310604980166266
ACH-000889	138	2297	126	211	0.878427128427128	0.39541547277937	0.947998349153941	0.450244698205546	0.388098051192185
ACH-000696	106	2317	179	170	0.874098124098124	0.384057971014493	0.928285256410256	0.377896613190731	0.307927589597227
ACH-000757	119	2292	164	197	0.86976911976912	0.376582278481013	0.933224755700326	0.397328881469115	0.325194604010661
ACH-000029	123	2309	144	196	0.877344877344877	0.385579937304075	0.941296371789645	0.419795221843003	0.353564021787711
ACH-000782	128	2290	154	200	0.872294372294372	0.390243902439024	0.936988543371522	0.419672131147541	0.349638825999006
ACH-001173	120	2299	184	169	0.872655122655123	0.41522491349481	0.925896093435361	0.404721753794266	0.333607938599735
ACH-000356	127	2316	139	190	0.881313131313131	0.400630914826498	0.943380855397149	0.435677530017153	0.371704081357304
ACH-000009	114	2324	158	176	0.879509379509379	0.393103448275862	0.936341659951652	0.405693950177936	0.338944424612853
ACH-000424	118	2302	169	183	0.873015873015873	0.39202657807309	0.931606636989073	0.401360544217687	0.330497792661228
ACH-000588	134	2272	152	214	0.867965367965368	0.385057471264368	0.937293729372937	0.422712933753943	0.351116826958719
ACH-000701	109	2323	166	174	0.877344877344877	0.385159010600707	0.933306548814785	0.390681003584229	0.322546638567857
ACH-000580	115	2313	161	183	0.875901875901876	0.385906040268456	0.934923201293452	0.400696864111498	0.331898349544723
ACH-000226	128	2308	143	193	0.878787878787879	0.398753894080997	0.941656466748266	0.432432432432432	0.366762944259678
ACH-000200	104	2307	172	189	0.86976911976912	0.354948805460751	0.930617184348528	0.365553602811951	0.293225492791103
ACH-000152	115	2304	188	165	0.872655122655123	0.410714285714286	0.924558587479936	0.39451114922813	0.323794592577941
ACH-000507	134	2313	132	193	0.882756132756133	0.409785932721713	0.94601226993865	0.451939291736931	0.389659892430748
ACH-000973	113	2320	181	158	0.877705627705628	0.416974169741697	0.927628948420632	0.4	0.332381143758491
ACH-000397	96	2333	174	169	0.876262626262626	0.362264150943396	0.930594335859593	0.358878504672897	0.290423920146704
ACH-000655	104	2317	176	175	0.873376623376623	0.372759856630824	0.92940232651424	0.372093023255814	0.301682637205002
ACH-000700	115	2281	147	229	0.864357864357864	0.334302325581395	0.939456342668863	0.37953795379538	0.308520435395347
ACH-000734	110	2320	151	191	0.876623376623377	0.365448504983389	0.93889113719142	0.391459074733096	0.324216069234005
ACH-000337	134	2292	136	210	0.875180375180375	0.38953488372093	0.943986820428336	0.436482084690554	0.370853283790094
ACH-000472	103	2344	171	154	0.882756132756133	0.400778210116732	0.932007952286282	0.387947269303202	0.323392033721066
ACH-000556	121	2308	156	187	0.876262626262626	0.392857142857143	0.936688311688312	0.413675213675214	0.345331246478599
ACH-000846	111	2326	161	174	0.879148629148629	0.389473684210526	0.935263369521512	0.398563734290844	0.33154135828335
ACH-000505	107	2303	201	161	0.869408369408369	0.399253731343284	0.919728434504792	0.371527777777778	0.299954410270006
ACH-000861	110	2322	167	173	0.877344877344877	0.3886925795053	0.932904781036561	0.392857142857143	0.324670613937772
ACH-000614	136	2278	147	211	0.870851370851371	0.39193083573487	0.939381443298969	0.431746031746032	0.362119969166408
ACH-000974	103	2315	164	190	0.872294372294372	0.351535836177474	0.933844292053247	0.367857142857143	0.297396810513938
ACH-000204	117	2283	159	213	0.865800865800866	0.354545454545455	0.934889434889435	0.386138613861386	0.313042893697919
ACH-000963	126	2277	153	216	0.866883116883117	0.368421052631579	0.937037037037037	0.405797101449275	0.333890898093491
ACH-000676	137	2281	146	208	0.872294372294372	0.397101449275362	0.939843428100536	0.436305732484076	0.367364873444215
ACH-000473	101	2351	168	152	0.884559884559885	0.399209486166008	0.933306867804684	0.386973180076628	0.323504845044972
ACH-000838	121	2294	167	190	0.871212121212121	0.389067524115756	0.932141405932548	0.404006677796327	0.332239735602528
ACH-000491	121	2306	148	197	0.875541125541126	0.380503144654088	0.939690301548492	0.412265758091993	0.344712246551788
ACH-000258	118	2291	168	195	0.869047619047619	0.376996805111821	0.931679544530297	0.393989983305509	0.321159823180048
ACH-000589	124	2299	156	193	0.874098124098124	0.391167192429022	0.936456211812627	0.415410385259631	0.346000927766715
ACH-000092	104	2324	170	174	0.875901875901876	0.37410071942446	0.931836407377706	0.376811594202899	0.307915327450202
ACH-000541	125	2268	169	210	0.863275613275613	0.373134328358209	0.930652441526467	0.397456279809221	0.321584203750719
ACH-000070	144	2272	141	215	0.871572871572872	0.401114206128134	0.941566514711977	0.447204968944099	0.378839482237266
ACH-000936	126	2304	135	207	0.876623376623377	0.378378378378378	0.944649446494465	0.424242424242424	0.35960385597196
ACH-000250	103	2319	171	179	0.873737373737374	0.365248226950355	0.931325301204819	0.370503597122302	0.300389752478899
ACH-000706	132	2297	156	187	0.876262626262626	0.413793103448276	0.936404402772116	0.43492586490939	0.366256318015943
ACH-000436	109	2310	174	179	0.872655122655123	0.378472222222222	0.929951690821256	0.381786339754816	0.310823907913589
ACH-000499	111	2294	166	201	0.867604617604618	0.355769230769231	0.932520325203252	0.376910016977929	0.30380757648952
ACH-000788	97	2342	176	157	0.87987012987013	0.381889763779528	0.93010325655282	0.368121442125237	0.302082208718533
ACH-000510	116	2347	156	153	0.888528138528139	0.431226765799257	0.937674790251698	0.428835489833641	0.367081582730117
ACH-000849	133	2306	150	183	0.87987012987013	0.420886075949367	0.938925081433225	0.444073455759599	0.377682343955952
ACH-000404	120	2277	144	231	0.864718614718615	0.341880341880342	0.940520446096654	0.390243902439024	0.31992717240394
ACH-000281	126	2312	149	185	0.879509379509379	0.405144694533762	0.939455505891914	0.430034129692833	0.363811069489154
ACH-000277	133	2272	154	213	0.867604617604618	0.384393063583815	0.936521022258862	0.420221169036335	0.3481513493289
ACH-000520	99	2327	170	176	0.875180375180375	0.36	0.931918301962355	0.363970588235294	0.294801967342986
ACH-000425	110	2329	152	181	0.87987012987013	0.378006872852234	0.938734381297864	0.397830018083183	0.331876882766984
ACH-000163	98	2309	182	183	0.868326118326118	0.348754448398576	0.926936973103171	0.349376114081996	0.27612786929291
ACH-000600	106	2322	172	172	0.875901875901876	0.381294964028777	0.931034482758621	0.381294964028777	0.312329446787398
ACH-000368	103	2311	193	165	0.870851370851371	0.384328358208955	0.922923322683706	0.365248226950355	0.294006986745769
ACH-000304	112	2288	176	196	0.865800865800866	0.363636363636364	0.928571428571429	0.375838926174497	0.300964632714423
ACH-000004	126	2316	149	181	0.880952380952381	0.41042345276873	0.939553752535497	0.43298969072165	0.367402231939054
ACH-000415	108	2323	162	179	0.876984126984127	0.376306620209059	0.934808853118712	0.387791741472172	0.319668778409768
ACH-000986	134	2310	150	178	0.881673881673882	0.429487179487179	0.939024390243902	0.449664429530201	0.384071091790022
ACH-000848	125	2305	163	179	0.876623376623377	0.411184210526316	0.933954619124797	0.422297297297297	0.353452576616853
ACH-000060	107	2314	181	170	0.873376623376623	0.386281588447653	0.927454909819639	0.378761061946903	0.308367191072897
ACH-000843	138	2300	128	206	0.879509379509379	0.401162790697674	0.947281713344316	0.452459016393443	0.390037020052567
ACH-000736	137	2283	163	189	0.873015873015873	0.420245398773006	0.933360588716271	0.437699680511182	0.366666958400198
ACH-000390	128	2317	136	191	0.882034632034632	0.401253918495298	0.944557684467998	0.439108061749571	0.375939489301376
ACH-000817	130	2292	140	210	0.873737373737374	0.382352941176471	0.942434210526316	0.426229508196721	0.35933088717082
ACH-000011	106	2312	169	185	0.872294372294372	0.36426116838488	0.931882305521967	0.374558303886926	0.303659187115328
ACH-000498	114	2181	157	320	0.827922077922078	0.262672811059908	0.932848588537211	0.323404255319149	0.239232359825379
ACH-000724	108	2305	181	178	0.870490620490621	0.377622377622378	0.927192276749799	0.375652173913043	0.303411571601196
ACH-000030	139	2325	125	183	0.888888888888889	0.43167701863354	0.948979591836735	0.474402730375427	0.415507267851161
ACH-000477	115	2305	149	203	0.873015873015873	0.361635220125786	0.939282803585982	0.395189003436426	0.326688096625392
ACH-000322	126	2272	165	209	0.865079365079365	0.376119402985075	0.932293803857202	0.402555910543131	0.32796179790807
ACH-000198	145	2268	142	217	0.870490620490621	0.400552486187845	0.941078838174274	0.446841294298921	0.377847319997289
ACH-000207	136	2249	159	228	0.86038961038961	0.373626373626374	0.933970099667774	0.412746585735964	0.336888567842106
ACH-000862	112	2329	163	168	0.880591630591631	0.4	0.934590690208668	0.403603603603604	0.33728052823947
ACH-000725	135	2267	152	218	0.866522366522366	0.382436260623229	0.937164117403886	0.421875	0.349710302055606
ACH-000524	107	2324	188	153	0.876984126984127	0.411538461538462	0.92515923566879	0.385585585585586	0.318319047304962
ACH-000183	127	2287	151	207	0.870851370851371	0.380239520958084	0.938063986874487	0.415032679738562	0.344953762494402
ACH-000019	137	2288	132	215	0.874819624819625	0.389204545454545	0.945454545454545	0.44122383252818	0.376422068507631
ACH-000839	90	2305	183	194	0.863997113997114	0.316901408450704	0.926446945337621	0.323159784560144	0.247655694884312
ACH-000593	115	2342	154	161	0.886363636363636	0.416666666666667	0.938301282051282	0.422018348623853	0.359053700972908
ACH-000493	107	2307	177	181	0.870851370851371	0.371527777777778	0.928743961352657	0.374125874125874	0.302135767422886
ACH-000651	135	2279	161	197	0.870851370851371	0.406626506024096	0.934016393442623	0.429936305732484	0.358131168755743
ACH-000771	101	2303	175	193	0.867243867243867	0.343537414965986	0.929378531073446	0.354385964912281	0.280657334486218
ACH-000464	100	2330	166	176	0.876623376623377	0.36231884057971	0.93349358974359	0.3690036900369	0.300719713820379
ACH-000128	116	2330	163	163	0.882395382395382	0.415770609318996	0.934616927396711	0.415770609318996	0.350387536715707
ACH-000821	129	2284	142	217	0.870490620490621	0.372832369942197	0.941467436108821	0.418152350081037	0.349772828779767
ACH-000946	121	2329	149	173	0.883838383838384	0.41156462585034	0.939870863599677	0.429078014184397	0.364959268737464
ACH-000784	110	2329	164	169	0.87987012987013	0.39426523297491	0.934215804251905	0.397830018083183	0.331132681349687
ACH-000756	93	2307	204	168	0.865800865800866	0.35632183908046	0.918757467144564	0.333333333333333	0.259738126766941
ACH-000017	123	2312	156	181	0.878427128427128	0.404605263157895	0.936790923824959	0.421955403087479	0.354572292083238
ACH-000758	127	2321	144	180	0.883116883116883	0.413680781758958	0.94158215010142	0.439446366782007	0.375392899547332
ACH-000028	132	2296	146	198	0.875901875901876	0.4	0.94021294021294	0.434210526315789	0.366783681625923
ACH-000393	88	2342	176	166	0.876623376623377	0.346456692913386	0.93010325655282	0.33976833976834	0.271811782659118
ACH-000025	118	2291	161	202	0.869047619047619	0.36875	0.934339314845024	0.393989983305509	0.321916032946423
ACH-000376	113	2332	160	167	0.882034632034632	0.403571428571429	0.935794542536116	0.408679927667269	0.343207583697826
ACH-000622	100	2331	175	166	0.876984126984127	0.37593984962406	0.930167597765363	0.369685767097967	0.301598813987554
ACH-000856	126	2283	167	196	0.869047619047619	0.391304347826087	0.931836734693878	0.409756097560976	0.336768203368783
ACH-000407	95	2338	171	168	0.877705627705628	0.361216730038023	0.931845356715823	0.359168241965974	0.291579167024114
ACH-000082	90	2330	183	169	0.873015873015873	0.347490347490348	0.927178670911261	0.338345864661654	0.268281885673388
ACH-000695	111	2316	181	164	0.875541125541126	0.403636363636364	0.927513015618742	0.391534391534392	0.322464787321975
ACH-000869	112	2321	160	179	0.877705627705628	0.384879725085911	0.935509875050383	0.397868561278863	0.330129117313404
ACH-000616	103	2324	169	176	0.875541125541126	0.369175627240143	0.932210188527878	0.373865698729583	0.304811672299999
ACH-000387	131	2324	145	172	0.885642135642136	0.432343234323432	0.941271769947347	0.452504317789292	0.389340279871517
ACH-000975	133	2294	140	205	0.875541125541126	0.393491124260355	0.942481511914544	0.435351882160393	0.36894199560296
ACH-000662	122	2210	172	268	0.841269841269841	0.312820512820513	0.927791771620487	0.35672514619883	0.271704394263404
ACH-000661	119	2289	153	211	0.868686868686869	0.360606060606061	0.937346437346437	0.395348837209302	0.324356327249874
ACH-000363	119	2315	155	183	0.878066378066378	0.394039735099338	0.937246963562753	0.413194444444444	0.345847347165247
ACH-000248	132	2310	144	186	0.880952380952381	0.415094339622642	0.941320293398533	0.444444444444444	0.379340780864435
ACH-000075	94	2320	190	168	0.870851370851371	0.358778625954198	0.924302788844621	0.344322344322344	0.273095476006262
ACH-000235	124	2310	156	182	0.878066378066378	0.405228758169935	0.936739659367397	0.42320819112628	0.355623304681267
ACH-000648	117	2279	166	210	0.864357864357864	0.357798165137615	0.932106339468303	0.383606557377049	0.308860667413726
ACH-000375	132	2292	156	192	0.874458874458874	0.407407407407407	0.936274509803922	0.431372549019608	0.361878560915747
ACH-000819	108	2344	172	148	0.884559884559885	0.421875	0.931637519872814	0.402985074626866	0.339646438985423
ACH-000243	109	2303	184	176	0.87012987012987	0.382456140350877	0.926015279453156	0.377162629757785	0.304721558934126
ACH-000138	133	2285	152	202	0.872294372294372	0.397014925373134	0.937628231432089	0.429032258064516	0.359146628564998
ACH-000227	109	2300	156	207	0.869047619047619	0.344936708860759	0.936482084690554	0.375215146299484	0.304166034278369
ACH-000273	123	2310	165	174	0.877705627705628	0.414141414141414	0.933333333333333	0.420512820512821	0.352222450814476
ACH-000467	126	2315	137	194	0.880591630591631	0.39375	0.944127243066884	0.432246998284734	0.368439308938041
ACH-000454	142	2290	135	205	0.877344877344877	0.409221902017291	0.944329896907216	0.455128205128205	0.390120256145816
ACH-001366	112	2317	175	168	0.876262626262626	0.4	0.929775280898876	0.395061728395062	0.326187255526994
ACH-000490	102	2337	165	168	0.87987012987013	0.377777777777778	0.934052757793765	0.379888268156425	0.313389671809595
ACH-000767	115	2340	145	172	0.885642135642136	0.400696864111498	0.941649899396378	0.420475319926874	0.357745253110001
ACH-000882	125	2311	140	196	0.878787878787879	0.389408099688474	0.942880456956344	0.426621160409556	0.361609185004958
ACH-000374	125	2275	148	224	0.865800865800866	0.358166189111748	0.938918695831614	0.401929260450161	0.330754320073683
ACH-000639	127	2326	151	168	0.884920634920635	0.430508474576271	0.939039160274526	0.443280977312391	0.379379461577493
ACH-000811	92	2359	171	150	0.884199134199134	0.380165289256198	0.932411067193676	0.364356435643564	0.301089675201814
ACH-000777	113	2307	170	182	0.873015873015873	0.383050847457627	0.931368591037545	0.391003460207612	0.320241589721229
ACH-000898	119	2311	149	193	0.876623376623377	0.381410256410256	0.939430894308943	0.410344827586207	0.343123415731621
ACH-000627	115	2312	176	169	0.875541125541126	0.404929577464789	0.929260450160772	0.4	0.330611508838294
ACH-000151	113	2276	176	207	0.861832611832612	0.353125	0.928221859706362	0.371100164203612	0.294198201191487
ACH-000278	103	2325	168	176	0.875901875901876	0.369175627240143	0.932611311672684	0.374545454545455	0.305718830477376
ACH-000912	115	2325	157	175	0.88023088023088	0.396551724137931	0.936744560838034	0.409252669039146	0.342906647315473
ACH-000965	124	2322	143	183	0.882395382395382	0.403908794788274	0.941987829614604	0.43205574912892	0.367929387545098
ACH-000740	114	2333	156	169	0.882756132756133	0.402826855123675	0.937324226597027	0.412296564195298	0.34733775083779
ACH-000823	121	2309	153	189	0.876623376623377	0.390322580645161	0.937855402112104	0.414383561643836	0.346547534923087
ACH-000570	102	2329	178	163	0.876984126984127	0.384905660377359	0.928998803350618	0.374311926605505	0.306298281865496
ACH-000022	119	2335	164	154	0.885281385281385	0.435897435897436	0.9343737494998	0.428057553956835	0.364400279968066
ACH-000168	112	2313	175	172	0.874819624819625	0.394366197183099	0.929662379421222	0.392294220665499	0.322525105643986
ACH-000078	109	2314	173	176	0.874098124098124	0.382456140350877	0.930438279051066	0.384479717813051	0.314364800713262
ACH-000293	108	2334	155	175	0.880952380952381	0.381625441696113	0.937725994375251	0.395604395604396	0.329948633930189
ACH-000873	131	2308	146	187	0.87987012987013	0.411949685534591	0.940505297473513	0.440336134453782	0.374523725401518
ACH-000735	109	2308	179	176	0.871933621933622	0.382456140350877	0.928025733815842	0.380453752181501	0.309047001528313
ACH-000054	112	2319	155	186	0.876984126984127	0.375838926174497	0.937348423605497	0.39646017699115	0.32881581357512
ACH-000143	107	2304	178	183	0.86976911976912	0.368965517241379	0.928283642224013	0.372173913043478	0.299543707021101
ACH-000947	124	2304	148	196	0.875901875901876	0.3875	0.939641109298532	0.418918918918919	0.351411433624173
ACH-000279	133	2306	151	182	0.87987012987013	0.422222222222222	0.938542938542939	0.444073455759599	0.377570528656778
ACH-000800	122	2283	147	220	0.867604617604618	0.35672514619883	0.939506172839506	0.399345335515548	0.329109635397615
ACH-000132	104	2311	176	181	0.871212121212121	0.364912280701754	0.929232006433454	0.368141592920354	0.296461093325734
ACH-000118	128	2275	151	218	0.866883116883117	0.369942196531792	0.937757625721352	0.4096	0.338023934218511
ACH-000885	129	2280	143	220	0.869047619047619	0.369627507163324	0.94098225340487	0.415458937198068	0.346377810793448
ACH-000831	134	2294	132	212	0.875901875901876	0.38728323699422	0.945589447650453	0.437908496732026	0.373534099891331
ACH-000573	124	2347	140	161	0.891414141414141	0.435087719298246	0.943707277844793	0.451730418943534	0.391921264477483
ACH-000476	122	2290	173	187	0.87012987012987	0.394822006472492	0.929760454730004	0.403973509933775	0.331255031355732
ACH-000486	115	2317	168	172	0.877344877344877	0.400696864111498	0.932394366197183	0.403508771929825	0.33516732826789
ACH-000984	109	2343	160	160	0.884559884559885	0.405204460966543	0.936076707950459	0.405204460966543	0.341281168917002
ACH-000280	109	2316	171	176	0.874819624819625	0.382456140350877	0.93124246079614	0.385840707964602	0.316169425476719
ACH-000211	105	2337	170	160	0.880952380952381	0.39622641509434	0.932189868368568	0.388888888888889	0.323034693826975
ACH-000217	138	2305	132	197	0.881313131313131	0.411940298507463	0.945835043085761	0.456198347107438	0.393310045105582
ACH-000095	94	2334	193	151	0.875901875901876	0.383673469387755	0.923624851602691	0.353383458646617	0.286313420653213
ACH-000146	117	2318	166	171	0.878427128427128	0.40625	0.93317230273752	0.409807355516637	0.342063510993173
ACH-000461	128	2277	159	208	0.867604617604618	0.380952380952381	0.934729064039409	0.41091492776886	0.338184105123972
ACH-000929	106	2288	169	209	0.863636363636364	0.336507936507937	0.931216931216931	0.359322033898305	0.284230677138703
ACH-000274	111	2331	165	165	0.880952380952381	0.402173913043478	0.933894230769231	0.402173913043478	0.336068143812709
ACH-000747	143	2283	140	206	0.875180375180375	0.40974212034384	0.942220387948824	0.45253164556962	0.385638298984709
ACH-000770	129	2297	163	183	0.875180375180375	0.413461538461538	0.933739837398374	0.427152317880795	0.357444831649919
ACH-000420	101	2327	171	173	0.875901875901876	0.368613138686131	0.931545236188951	0.36996336996337	0.301139349138832
ACH-000884	121	2298	170	183	0.872655122655123	0.398026315789474	0.931118314424635	0.40672268907563	0.335533793615303
ACH-000876	134	2282	157	199	0.871572871572872	0.402402402402402	0.935629356293563	0.429487179487179	0.358530118970162
ACH-000035	116	2323	152	181	0.87987012987013	0.390572390572391	0.938585858585859	0.410619469026549	0.344497449223385
ACH-000265	124	2315	146	187	0.87987012987013	0.398713826366559	0.940674522551808	0.426850258175559	0.361249617288332
ACH-000517	113	2327	170	162	0.88023088023088	0.410909090909091	0.931918301962355	0.405017921146953	0.33848970784047
ACH-000647	129	2319	157	167	0.883116883116883	0.435810810810811	0.936591276252019	0.443298969072165	0.378093928317462
ACH-001318	116	2300	159	197	0.871572871572872	0.370607028753994	0.93533956893046	0.394557823129252	0.323907827325646
ACH-000550	113	2321	162	176	0.878066378066378	0.391003460207612	0.934756343133306	0.400709219858156	0.333011443104065
ACH-000618	138	2285	138	211	0.874098124098124	0.39541547277937	0.943045810978126	0.4416	0.37499164053531
ACH-000585	105	2327	163	177	0.877344877344877	0.372340425531915	0.934538152610442	0.381818181818182	0.313910788426234
ACH-000316	109	2292	183	188	0.866161616161616	0.367003367003367	0.926060606060606	0.370118845500849	0.295264336034249
ACH-000410	108	2331	176	157	0.87987012987013	0.407547169811321	0.929796569605106	0.39344262295082	0.327105917388593
ACH-000115	105	2302	171	194	0.868326118326118	0.351170568561873	0.930853214718965	0.365217391304348	0.29218408394692
ACH-000637	109	2298	172	193	0.868326118326118	0.360927152317881	0.930364372469636	0.373927958833619	0.300704393349571
ACH-000233	135	2290	153	194	0.874819624819625	0.410334346504559	0.937372083503889	0.437601296596434	0.368553351462409
ACH-000527	109	2321	182	160	0.876623376623377	0.405204460966543	0.927287255293648	0.389285714285714	0.321090545437055
ACH-000900	123	2280	163	206	0.866883116883117	0.373860182370821	0.933278755628326	0.4	0.326558492108428
ACH-000098	99	2312	199	162	0.86976911976912	0.379310344827586	0.920748705694942	0.354203935599284	0.282906132083942
ACH-000619	115	2304	147	206	0.872655122655123	0.358255451713396	0.940024479804162	0.39451114922813	0.326257647335186
ACH-000416	114	2343	157	158	0.886363636363636	0.419117647058824	0.9372	0.419889502762431	0.35690308085939
ACH-000969	131	2294	161	186	0.874819624819625	0.413249211356467	0.934419551934827	0.430213464696223	0.360415770540613
ACH-000802	110	2333	168	161	0.881313131313131	0.40590405904059	0.932826869252299	0.400728597449909	0.334908153735339
ACH-000805	119	2295	171	187	0.870851370851371	0.388888888888889	0.930656934306569	0.399328859060403	0.327182831891099
ACH-000996	102	2325	176	169	0.875541125541126	0.376383763837638	0.929628148740504	0.371584699453552	0.302558391048217
ACH-000638	131	2289	157	195	0.873015873015873	0.401840490797546	0.935813573180703	0.42671009771987	0.356481476518079
ACH-000015	115	2322	149	186	0.879148629148629	0.382059800664452	0.939700526102792	0.407079646017699	0.3410251316786
ACH-000468	117	2308	171	176	0.874819624819625	0.399317406143345	0.931020572811618	0.402753872633391	0.332857648942127
ACH-000291	105	2326	170	171	0.876984126984127	0.380434782608696	0.931891025641026	0.381125226860254	0.312830497960762
ACH-000671	118	2296	147	211	0.870851370851371	0.358662613981763	0.939828080229226	0.397306397306397	0.328314734961875
ACH-000840	110	2289	163	210	0.865440115440115	0.34375	0.933523654159869	0.370994940978078	0.297357828416142
ACH-000720	107	2333	171	161	0.88023088023088	0.399253731343284	0.931709265175719	0.391941391941392	0.325606732958456
ACH-000257	124	2304	142	202	0.875901875901876	0.380368098159509	0.941946034341782	0.418918918918919	0.352521024149361
ACH-000381	123	2338	136	175	0.887806637806638	0.412751677852349	0.945028294260307	0.44165170556553	0.380783287666954
ACH-000012	113	2286	185	188	0.865440115440115	0.375415282392027	0.925131525698098	0.377295492487479	0.301872645514773
ACH-000776	109	2315	164	184	0.874458874458874	0.372013651877133	0.933844292053247	0.385159010600707	0.315593018116668
ACH-000994	135	2294	150	193	0.876262626262626	0.411585365853659	0.938625204582651	0.440456769983687	0.372440113473652
ACH-000401	124	2303	159	186	0.875541125541126	0.4	0.935418359057677	0.418212478920742	0.34914516727514
ACH-000890	116	2300	189	167	0.871572871572872	0.409893992932862	0.924065889915629	0.394557823129252	0.323121213871249
ACH-000466	116	2285	171	200	0.866161616161616	0.367088607594937	0.930374592833876	0.384742951907131	0.310303606986814
ACH-000445	103	2313	168	188	0.871572871572872	0.353951890034364	0.932285368802902	0.366548042704626	0.295423166980287
ACH-000792	93	2330	182	167	0.874098124098124	0.357692307692308	0.927547770700637	0.347663551401869	0.278183534338643
ACH-000475	110	2333	163	166	0.881313131313131	0.398550724637681	0.934695512820513	0.400728597449909	0.334871073705919
ACH-000623	90	2313	215	154	0.866883116883117	0.368852459016393	0.91495253164557	0.327868852459016	0.256962046093725
ACH-000231	90	2355	172	155	0.882034632034632	0.36734693877551	0.93193510091017	0.355029585798817	0.290388097734707
ACH-000037	103	2323	172	174	0.875180375180375	0.371841155234657	0.931062124248497	0.373188405797101	0.303880978951867
ACH-000822	120	2298	156	198	0.872294372294372	0.377358490566038	0.936430317848411	0.404040404040404	0.333973076810754
ACH-000253	120	2324	152	176	0.881673881673882	0.405405405405405	0.938610662358643	0.422535211267606	0.357145717363651
ACH-000150	111	2314	150	197	0.874819624819625	0.36038961038961	0.939123376623377	0.390158172231986	0.322305530934995
ACH-000584	121	2310	173	168	0.876984126984127	0.418685121107266	0.930326218284333	0.415094339622642	0.346379756326442
ACH-000665	97	2341	181	153	0.879509379509379	0.388	0.928231562252181	0.367424242424242	0.301562362143212
ACH-000085	100	2301	187	184	0.866161616161616	0.352112676056338	0.92483922829582	0.350262697022767	0.275666866007804
ACH-001075	102	2320	163	187	0.873737373737374	0.352941176470588	0.934353604510673	0.368231046931408	0.298582887637021
ACH-000266	99	2325	193	155	0.874458874458874	0.389763779527559	0.923351866560763	0.362637362637363	0.294260673399791
ACH-000718	113	2308	151	200	0.873376623376623	0.361022364217252	0.938592923952826	0.391681109185442	0.32303506990138
ACH-000841	111	2316	155	190	0.875541125541126	0.368770764119601	0.937272359368677	0.391534391534392	0.323274087565177
ACH-000458	104	2336	179	153	0.88023088023088	0.404669260700389	0.92882703777336	0.385185185185185	0.319463251995449
ACH-000787	115	2311	154	192	0.875180375180375	0.374592833876221	0.937525354969574	0.399305555555556	0.33089496806504
ACH-000549	112	2289	161	210	0.866161616161616	0.347826086956522	0.934285714285714	0.376470588235294	0.303366611239009
ACH-000632	110	2316	179	167	0.875180375180375	0.397111913357401	0.928256513026052	0.3886925795053	0.319310562799121
ACH-000921	122	2303	146	201	0.874819624819625	0.377708978328173	0.940383830134749	0.412859560067682	0.345354361417962
ACH-000699	119	2326	149	178	0.882034632034632	0.400673400673401	0.93979797979798	0.421238938053097	0.356337787085399
ACH-000907	107	2304	178	183	0.86976911976912	0.368965517241379	0.928283642224013	0.372173913043478	0.299543707021101
ACH-000290	122	2330	150	170	0.884559884559885	0.417808219178082	0.939516129032258	0.432624113475177	0.368744388477557
ACH-000950	110	2332	146	184	0.880952380952381	0.374149659863946	0.941081517352704	0.4	0.33525725054146
ACH-000480	108	2305	163	196	0.870490620490621	0.355263157894737	0.933954619124797	0.375652173913043	0.304293630601586
ACH-000941	121	2324	153	174	0.882034632034632	0.410169491525424	0.938231731933791	0.42530755711775	0.359983159432209
ACH-000460	125	2296	150	201	0.873376623376623	0.383435582822086	0.938675388389207	0.415973377703827	0.347109840157117
ACH-000378	121	2306	154	191	0.875541125541126	0.387820512820513	0.93739837398374	0.412265758091993	0.343830969158126
ACH-000837	122	2293	167	190	0.871212121212121	0.391025641025641	0.932113821138211	0.405990016638935	0.334193167964985
ACH-000426	119	2282	157	214	0.866161616161616	0.357357357357357	0.935629356293563	0.390804597701149	0.318125961145444
ACH-000182	130	2309	144	189	0.87987012987013	0.407523510971787	0.941296371789645	0.438448566610455	0.372969955717293
ACH-000980	116	2346	149	161	0.888167388167388	0.418772563176895	0.940280561122244	0.428044280442804	0.366213007275427
ACH-000350	114	2325	164	169	0.87987012987013	0.402826855123675	0.934110084371233	0.406417112299465	0.339612502700944
ACH-000939	118	2303	170	181	0.873376623376623	0.394648829431438	0.931257581884351	0.402044293015332	0.331335917468518
ACH-000521	112	2309	156	195	0.873376623376623	0.364820846905537	0.936713995943205	0.389565217391304	0.320206831411215
ACH-000237	86	2334	197	155	0.873015873015873	0.356846473029046	0.922165152113789	0.32824427480916	0.25963977644464
ACH-000504	99	2340	167	166	0.87987012987013	0.373584905660377	0.933386517750299	0.372881355932203	0.306454992087713
ACH-000099	114	2321	160	177	0.878427128427128	0.391752577319588	0.935509875050383	0.40353982300885	0.336112418378464
ACH-000408	124	2308	147	193	0.877344877344877	0.391167192429022	0.940122199592668	0.421768707482993	0.354994331135366
ACH-000133	102	2317	182	171	0.872655122655123	0.373626373626374	0.927170868347339	0.366247755834829	0.29556563878963
ACH-000783	99	2307	179	187	0.867965367965368	0.346153846153846	0.927996781979083	0.351063829787234	0.277620927913656
ACH-000348	107	2299	186	180	0.867965367965368	0.372822299651568	0.925150905432596	0.368965517241379	0.295263173811348
ACH-000537	119	2300	158	195	0.872655122655123	0.378980891719745	0.935720097640358	0.402707275803723	0.332566662497792
ACH-000697	120	2304	159	189	0.874458874458874	0.388349514563107	0.935444579780755	0.408163265306122	0.338701506370927
ACH-000866	126	2320	143	183	0.882395382395382	0.407766990291262	0.941940722695899	0.43598615916955	0.371800604748963
ACH-000901	110	2317	181	164	0.875541125541126	0.401459854014599	0.927542033626902	0.389380530973451	0.320339144573558
ACH-000937	135	2297	144	196	0.877344877344877	0.40785498489426	0.941007783695207	0.442622950819672	0.376001232712681
ACH-000366	108	2327	180	157	0.878427128427128	0.407547169811321	0.928201037096131	0.390596745027125	0.323550269777661
ACH-000924	130	2316	139	187	0.882395382395382	0.410094637223975	0.943380855397149	0.443686006825939	0.380021460704926
ACH-000503	103	2289	168	212	0.862914862914863	0.326984126984127	0.931623931623932	0.351535836177474	0.276349331181813
ACH-000256	106	2325	173	168	0.876984126984127	0.386861313868613	0.930744595676541	0.383363471971067	0.315062585098887
ACH-001190	115	2321	145	191	0.878787878787879	0.375816993464052	0.941200324412003	0.406360424028269	0.340756183260896
ACH-000052	101	2304	186	181	0.867604617604618	0.358156028368794	0.925301204819277	0.355008787346221	0.2812597759617
ACH-000260	87	2302	215	168	0.861832611832612	0.341176470588235	0.914580850218514	0.312387791741472	0.237239949931755
ACH-000040	92	2335	176	169	0.875541125541126	0.352490421455939	0.929908403026683	0.347826086956522	0.27907564382325
ACH-000014	118	2305	162	187	0.874098124098124	0.386885245901639	0.934333198216457	0.403418803418803	0.333566120471821
ACH-000189	119	2275	150	228	0.863636363636364	0.342939481268012	0.938144329896907	0.386363636363636	0.314231614998536
ACH-000683	106	2335	159	172	0.880591630591631	0.381294964028777	0.936246992782678	0.390423572744015	0.324393120422069
ACH-000223	121	2327	147	177	0.883116883116883	0.406040268456376	0.940582053354891	0.42756183745583	0.363312171324022
ACH-000039	118	2312	157	185	0.876623376623377	0.389438943894389	0.936411502632645	0.408304498269896	0.340114041169974
ACH-000312	116	2342	147	167	0.886724386724387	0.409893992932862	0.940940136601045	0.424908424908425	0.362476033299977
ACH-000142	105	2304	177	186	0.869047619047619	0.360824742268041	0.928657799274486	0.366492146596859	0.293533738474685
ACH-000264	112	2352	150	158	0.888888888888889	0.414814814814815	0.940047961630695	0.421052631578947	0.359665245987134
ACH-000518	101	2321	172	178	0.873737373737374	0.362007168458781	0.931006819093462	0.365942028985507	0.295860605674018
ACH-000790	129	2296	136	211	0.874819624819625	0.379411764705882	0.944078947368421	0.426446280991736	0.360896737266498
ACH-000067	108	2300	198	166	0.868686868686869	0.394160583941606	0.920736589271417	0.372413793103448	0.299904519896988
ACH-000702	115	2324	171	162	0.87987012987013	0.415162454873646	0.931462925851703	0.408525754884547	0.341744819946793
ACH-000422	102	2318	179	173	0.873015873015873	0.370909090909091	0.928313976772127	0.366906474820144	0.296367560572027
ACH-000928	127	2304	156	185	0.876984126984127	0.407051282051282	0.936585365853659	0.426890756302521	0.358706014328775
ACH-000835	116	2314	165	177	0.876623376623377	0.395904436860068	0.933440903590157	0.40418118466899	0.335493085110466
ACH-000221	120	2302	156	194	0.873737373737374	0.382165605095541	0.93653376729048	0.406779661016949	0.337334018580142
ACH-000234	116	2307	165	184	0.874098124098124	0.386666666666667	0.933252427184466	0.399311531841652	0.329294894917427
ACH-000159	121	2316	155	180	0.879148629148629	0.401993355481728	0.937272359368677	0.419410745233969	0.352519189030802
ACH-000292	123	2284	165	200	0.868326118326118	0.380804953560372	0.932625561453655	0.402618657937807	0.329583066663322
ACH-000202	118	2277	152	225	0.863997113997114	0.34402332361516	0.937422807739811	0.384991843393148	0.312557961719238
ACH-000867	116	2367	148	141	0.895743145743146	0.45136186770428	0.941153081510934	0.445297504798464	0.38781627325393
ACH-000087	120	2302	152	198	0.873737373737374	0.377358490566038	0.938060309698452	0.406779661016949	0.337896706223833
ACH-000799	119	2285	179	189	0.867243867243867	0.386363636363636	0.927353896103896	0.392739273927393	0.318292584559825
ACH-000055	104	2299	198	171	0.866883116883117	0.378181818181818	0.920704845814978	0.360485268630849	0.286767683219195
ACH-000781	122	2327	165	158	0.883477633477634	0.435714285714286	0.933788121990369	0.430335097001764	0.365482142722385
ACH-000888	132	2314	145	181	0.882395382395382	0.421725239616613	0.941032940219601	0.447457627118644	0.382819002907493
ACH-000228	110	2315	171	176	0.874819624819625	0.384615384615385	0.931214802896219	0.388007054673721	0.318307735647446
ACH-000791	116	2322	154	180	0.879509379509379	0.391891891891892	0.937802907915994	0.409893992932862	0.343405888689151
ACH-000483	119	2311	167	175	0.876623376623377	0.404761904761905	0.932606941081517	0.410344827586207	0.341503935532038
ACH-000041	111	2329	165	167	0.88023088023088	0.399280575539568	0.933841218925421	0.40072202166065	0.334192607061575
ACH-000042	106	2304	188	174	0.869408369408369	0.378571428571429	0.924558587479936	0.369337979094077	0.296659090510688
ACH-000785	127	2311	136	198	0.879509379509379	0.390769230769231	0.944421740907233	0.431972789115646	0.3679787778867
ACH-000395	124	2275	151	222	0.865440115440115	0.358381502890173	0.937757625721352	0.399355877616747	0.32741880847805
ACH-000141	111	2312	171	178	0.874098124098124	0.384083044982699	0.931131695529601	0.388791593695271	0.318654144811552
ACH-000116	109	2315	172	176	0.874458874458874	0.382456140350877	0.930840369923603	0.385159010600707	0.315265070628692
ACH-000621	107	2314	178	173	0.873376623376623	0.382142857142857	0.928571428571429	0.378761061946903	0.308286092616325
ACH-000209	117	2296	152	207	0.870490620490621	0.361111111111111	0.937908496732026	0.39460370994941	0.32454230372139
ACH-000694	114	2322	154	182	0.878787878787879	0.385135135135135	0.937802907915994	0.404255319148936	0.337486049736108
ACH-000500	121	2229	182	240	0.847763347763348	0.335180055401662	0.924512650352551	0.364457831325301	0.280110957624971
ACH-000308	112	2330	171	159	0.880952380952381	0.413284132841328	0.931627349060376	0.404332129963899	0.338332312575789
ACH-000169	115	2315	160	182	0.876623376623377	0.387205387205387	0.935353535353535	0.402097902097902	0.333733088772407
ACH-000238	101	2325	169	177	0.875180375180375	0.363309352517986	0.932237369687249	0.368613138686131	0.299413401349468
ACH-000427	122	2322	134	194	0.881673881673882	0.386075949367089	0.945439739413681	0.426573426573427	0.363903730286615
ACH-000548	109	2298	169	196	0.868326118326118	0.357377049180328	0.931495743818403	0.373927958833619	0.30093348347084
ACH-000302	106	2323	172	171	0.876262626262626	0.382671480144404	0.931062124248497	0.381981981981982	0.313231605125105
ACH-000434	107	2302	193	170	0.869047619047619	0.386281588447653	0.922645290581162	0.370883882149047	0.298226338093565
ACH-000341	99	2322	162	189	0.873376623376623	0.34375	0.934782608695652	0.360655737704918	0.291007697219034
ACH-000364	111	2302	174	185	0.870490620490621	0.375	0.929725363489499	0.38209982788296	0.309862811324708
ACH-000021	110	2336	161	165	0.882395382395382	0.4	0.935522627152583	0.402930402930403	0.337719346684166
ACH-000624	122	2341	142	167	0.888528138528139	0.422145328719723	0.942811115585985	0.44122965641953	0.379937874103562
ACH-000414	120	2316	155	181	0.878787878787879	0.398671096345515	0.937272359368677	0.416666666666667	0.349631205587646
ACH-000352	119	2317	158	178	0.878787878787879	0.400673400673401	0.936161616161616	0.414634146341463	0.347382471367119
ACH-000137	92	2360	168	152	0.884559884559885	0.377049180327869	0.933544303797468	0.365079365079365	0.301841740857977
ACH-000766	104	2329	169	170	0.877705627705628	0.37956204379562	0.932345876701361	0.380255941499086	0.312416131252986
ACH-000319	106	2351	160	155	0.886363636363636	0.406130268199234	0.936280366387893	0.402277039848197	0.339515419375995
ACH-000013	103	2339	154	176	0.880952380952381	0.369175627240143	0.93822703569996	0.384328358208955	0.31888589498031
ACH-000389	87	2333	180	172	0.873015873015873	0.335907335907336	0.928372463191405	0.330798479087452	0.260705743206189
ACH-000916	130	2191	156	295	0.837301587301587	0.305882352941176	0.933532168726033	0.365682137834037	0.283574986494674
ACH-000296	106	2325	157	184	0.876984126984127	0.36551724137931	0.936744560838034	0.383363471971067	0.315685729462219
ACH-000978	122	2301	149	200	0.874098124098124	0.37888198757764	0.939183673469388	0.411467116357504	0.343151791952543
ACH-000261	111	2294	190	177	0.867604617604618	0.385416666666667	0.923510466988728	0.376910016977929	0.302976171924046
ACH-000682	108	2332	151	181	0.88023088023088	0.373702422145329	0.939186467982279	0.394160583941606	0.328534738466268
