exchangeIDs	exchangeMets	exp_HS_578T	HS_578T	exp_RPMI_8226	RPMI_8226	exp_HT29	HT29	exp_MALME_3M	MALME_3M	exp_SR	SR	exp_UO_31	UO_31	exp_MDMAMB_231	MDMAMB_231	exp_HOP62	HOP62	exp_NCI_H226	NCI_H226	exp_HOP92	HOP92	exp_O_786	O_786
MAR09034	glucose	-0.891204517	-31.8413862327858	-0.437346135	-36.1298927924513	-0.826120427	-525.329463901071	-0.848562996	-70.0031317418171	-0.898948663	-41.2393539661309	-0.549041759	-35.1419537272351	-0.479477546	-38.2911108506074	-0.26705905	-38.3127543851511	-0.398649261	-47.569586304074	-0.594208072	-36.5924073636012	-0.864113881	-74.981934765403
MAR09039	isoleucine	-0.013615722	-11.7998624560072	-0.005558778	-11.7307337482779	-0.008957816	-7.83933322188201	-0.01142058	-11.8911472923879	-0.004599992	-11.674687262397	-0.00973818	-11.7550522402305	-0.005568708	-11.7588343712503	-0.003331967	-11.7654808939615	-0.007996597	-11.6970515112629	-0.007304317	-11.7654944973513	-0.00889841	-11.799922698404
MAR09040	leucine	-0.01834798	-24.0641540491875	-0.007998895	-23.9231758065834	-0.016259326	-15.987213664363	-0.012571768	-24.2503165890654	-0.00879963	-23.8057098540955	-0.009163894	-23.9727699386143	-0.006592535	-23.9804830610202	-0.004904579	-23.994037706001	-0.009283825	-23.7576928510546	-0.00911516	-23.9940654481945	-0.010361673	-23.9666328617032
MAR09041	lysine	-0.022543147	-18.872483930634	-0.009620991	-18.7619207413908	-0.017307958	-12.5380859995986	-0.009254128	-19.0184832263146	-0.015465749	-18.6658640006745	-0.005490858	-18.8008152920945	-0.006015855	-18.8068643631885	-0.006186391	-18.8174946899003	-0.009191799	-18.6321395567862	-0.013165857	-18.8175164469128	-0.012443708	-18.7960022458869
MAR09042	methionine	-0.006100296	-5.90508771398527	-0.002496251	-5.85839465029073	-0.004789793	-3.91500726164396	-0.003363566	-5.93850607970461	-0.004351409	-5.82840101031679	-0.001823891	-5.87053944244228	-0.001426579	-127.481682407209	-0.001965335	-5.87574757098213	-0.00289763	-5.81787057985702	-0.002318728	-5.87575436459175	-0.003263032	-5.8690365726379
MAR09043	phenylalanine	-0.006567123	-9.98084282372901	-0.002744675	-9.92237072127648	-0.005369239	-6.63085294613825	-0.003162452	-10.0580555545979	-0.004906518	-11.9511598589982	-0.002358298	-9.9429403717104	-0.00220937	-12.0480069657173	-0.002257474	-9.95176138586552	-0.003408873	-16.8307153216137	-0.003510565	-9.95177289221107	-0.00339599	-9.9403949591469
MAR09044	threonine	-0.013603744	-14.9573519946732	-0.006411995	-14.8697253449305	-0.011510289	-9.93703671041782	-0.009353784	-15.0730634645833	-0.009821513	-14.7900850908118	-0.005220614	-14.9005511486609	-0.004979441	-14.9053453286918	-0.005240142	-14.9137703743313	-0.007183311	-14.7194051474545	-0.008527731	-14.913787617811	-0.008802744	-14.8488568028628
MAR09045	tryptophan	-0.001211726	-2.58637578582398	-0.000695832	-2.57122367566651	-0.00138647	-1.71827948822904	-0.000865457	-2.60638423010103	-0.00133912	-2.55805959884615	-0.000421306	-2.57655397158889	-0.00035138	-2.57738296532716	-0.000467773	-2.57883979632535	-0.000944004	-2.55343783917829	-0.000954767	-2.57884277801077	-0.000725178	-2.57589436863396
MAR09046	valine	-0.01330341	-17.6504212493503	-0.006165194	-17.5470174328741	-0.011472903	-11.7261988600386	-0.008788208	-17.7869665541625	-0.010175864	-17.4601898589149	-0.005794702	-17.583393418502	-0.004841612	-17.5890507900154	-0.005347229	-17.5989927640116	-0.007691297	-17.4256400568525	-0.009105286	-17.5990131121776	-0.010005055	-17.5788920347218
MAR09061	alanine	0.056209087	-348.518127122565	0.014127935	-21.7747275234936	0.055245815	0	0.022787714	-22.0724890522288	0.086767953	0	0.025716586	-21.7485992520569	0.018852115	-501.622575694937	0.009601013	0	0.012695001	-210.360448669174	0.032353203	-159.689272929066	0.0076389	-252.399990601495
MAR09062	asparagine	-0.00571363	-9.8346288877321	-0.002018538	-11.8940221105719	-0.002396685	-6.53371454556484	-0.004913882	-241.878339877839	-0.001222105	-9.72745882210318	0.000345758	-9.79728168608577	-0.001988739	-9.80043391392942	-0.001628876	-9.80597347716605	-0.001922615	-9.70938317388042	-0.002382279	-9.80598481494988	-0.002440472	-9.79477356243626
MAR09063	glutamine	-0.226698917	-35.5997416980825	-0.146252447	-16.881704130735	-0.228850691	-9.89218588738424	-0.122203241	-21.3881195485048	-0.219496506	-18.9049544723359	-0.124230534	-72.1102990025183	-0.078432974	-19.0442237217144	-0.091938612	-19.0549882126059	-0.094750789	-28.7909512008662	-0.123594044	-19.0550102442112	-0.109775824	-36.0824970337023
MAR09064	tyrosine	-0.007986935	-7.47805845246004	-0.003674763	-7.43424874543422	-0.008123502	-4.96810808431934	-0.004482545	-7.53590941003039	-0.006833216	-7.39618709311171	-0.002693864	-7.44966037459302	-0.003180849	-7.45205726667094	-0.00311885	-7.45626944164547	-0.004976546	-7.38282407404121	-0.004926558	-7.45627806267338	-0.003969672	-7.4477532466809
MAR09066	arginine	-0.027206388	-13.4242682235352	-0.006832754	-13.3456230428846	-0.011382525	-8.91852021636395	-0.00129978	-13.5281196144208	-0.005431378	-13.2772965069186	-0.006102876	-13.3732892940786	-0.007139201	-13.3775920850185	-0.001574063	-13.3851535887192	-0.00338457	-13.2533078267793	-0.012814136	-15.4922718336564	-0.009856139	-13.3698657053502
MAR09067	glycine	-0.000802262	-19.5523096532548	-0.000306523	-24.258944699793	0.003908824	-16.3046320386533	0.016061208	-24.7317948647254	0.008171299	-24.2707382540347	0.004334714	-24.4608612419212	0.006385996	-24.4687314053356	0.002939872	-19.742525418797	0.000604886	-19.3033075802812	-0.00039991	-19.7425482453411	0.0025653	-19.4730729407753
MAR09068	proline	0.000605661	0	-0.000675569	-13.4255052946029	0.005380916	-8.97190337236866	-0.001069608	-11.4958400064033	0.00710491	-13.3592773963184	0.001186608	2.77761266572788	0.001436971	0	0.001361038	0	0.002203858	-13.3326375117642	0.002435376	0	0.000231007	0
MAR09069	serine	-0.0325857	-26.1455988888486	-0.016314407	-16.1987520796864	-0.033339735	-10.7321563882225	-0.024670565	-16.2791462953859	-0.031649758	-599.48135882214	-0.011636228	-16.1459134458626	-0.016568732	-16.1511083151698	-0.017833616	-584.713463115549	-0.021499214	-25.80662272154	-0.022222852	-20.8289664292166	-0.030117158	-26.1108928426646
MAR09070	aspartate	-0.001934168	0	-0.000782986	-19.3425659848881	-0.004150227	-12.9261155674966	0.001500354	-13.214652944703	-0.012462967	-6.34337773959128	0.000128843	-6.39848263259332	-0.00113204	-12.6721995597208	-0.006761827	-14.801479897635	0.002611711	-6.38798600218955	-0.000494245	-14.801497011283	-0.000684778	-12.7222420851694
MAR09071	glutamate	0.02678411	-38.9039800893192	0.056588804	-23.7754518270958	0.042193442	-47.4288825195969	0.016112564	-28.3470301064375	0.011390914	-34.456742967437	0.038522979	0	0.00917449	-41.9049043695806	0.016202008	-41.9095285578664	0.01664521	-24.4217704907177	0.015988165	-41.9095770141648	0.018807129	-24.7700275419991
MAR09083	choline	-0.002044274	-6.11434501906858	-0.000545279	-6.07852453629982	-0.000966912	-4.0621141319856	-0.001938647	-6.16164616234222	-0.000844902	-6.04740388168405	-0.000249379	-6.09718746137969	-0.000990661	-6.09914920186032	-0.000451292	-6.10259666377785	-0.001591875	-6.04248517520845	-0.00136736	-6.10260371967308	-0.000571763	-6.09562656923047
MAR09087	ornithine	0.007885861	0	0.000643202	0	0.003060358	0	-0.002311655	0	-0.001427155	0	0.001458248	0	0.001948405	0	0.001635996	0	-0.001200326	0	0.009506915	0	0.01603422	0
MAR09133	pyruvate	2.51e-07	974.206388926713	6.64e-08	0	1.15e-07	0	2.87e-07	0	1.52e-07	318.088909442629	5.61e-08	262.579966651157	5.85e-08	0	3.08e-08	0	4.95e-08	924.801337673669	1.05e-07	0	5.76e-08	973.804434391002
MAR09135	L-lactate	1.392205968	0	0.679121284	913.353950581955	1.166895089	889.143807543955	0.932104298	973.37240022491	1.118142634	0	0.767588362	646.29987627358	0.743240244	892.307396084106	0.317551752	322.756635644058	0.552731028	0	0.687740829	884.538660555572	0.992967126	0
MAR09146	folate	4.25e-05	-0.00202829947403416	-5.73e-06	-0.141230577678265	-2.34e-06	-0.00134751701639879	1e-05	-0.0020439905879067	8.51e-06	-0.00200609322407708	-9.39e-06	-0.00202059696584911	8.43e-07	-0.0020212470831116	-3.16e-06	-4.74205899688409	-6.98e-06	-0.0020024687265261	-1.4e-05	-4.74206447970941	-1.4e-05	-0.00202007968897533
MAR09259	AKG	2.25e-05	0	1.03e-05	0	1.33e-05	0	1.95e-05	0	1.05e-05	0	6.34e-06	2.12139742269144	4.48e-06	0	8.71e-06	0	2.8e-06	0	8.67e-06	0	1.24e-05	0
MAR09292	L-carnitine	-1.19e-05	0	-2.09e-05	0	-2.46e-05	0	-1.83e-05	0	-4.72e-05	0	1.17e-06	0	-5.56e-06	0	-2.19e-05	0	-1.2e-05	0	-2.58e-05	0	9.89e-06	0
MAR10024	biomass	0.035730055	48.9927409184137	0.018333143	48.7057202111442	0.031111255	32.5487202028572	0.020798529	49.3717533310798	0.019171008	48.4563580694845	0.013033577	48.8066899961904	0.010926773	48.8223933118744	0.011473383	48.8499895119499	0.018027769	48.3688098194445	0.02270517	48.8500459928921	0.025987054	48.7941953862204
